-6.307448 -6.307448 -6.307448 -6.307448 -6.307448 -6.307448 -6.307448 -6.307448 -6.307448 -6.461598 -8.946505 -8.946505 -6.307448 -8.946505 -8.946505 -7.847893 -8.946505 -6.307448 -6.461598 -6.307448 -6.307448 -6.307448 -6.307448 -6.307448 -6.307448 -6.307448 -6.307448 -6.307448 
-6.307448 -6.307448 -6.307448 -6.307448 -6.307448 -6.307448 -6.307448 -6.307448 -6.307448 -6.307448 -6.307448 -6.461598 -8.946505 -6.307448 -6.461598 -8.946505 -7.847893 -6.461598 -6.461598 -6.307448 -6.307448 -6.307448 -6.307448 -6.307448 -6.307448 -6.307448 -6.307448 -6.307448 
-6.307448 -6.307448 -6.307448 -6.307448 -6.307448 -6.307448 -6.307448 -7.847893 -7.847893 -6.461598 -8.946505 -7.847893 -6.461598 -6.461598 -6.461598 -7.847893 -8.946505 -6.461598 -6.307448 -7.847893 -6.307448 -6.307448 -6.307448 -6.307448 -6.307448 -6.307448 -6.307448 -6.307448 
-6.307448 -6.307448 -6.307448 -6.307448 -6.307448 -6.307448 -6.307448 -6.307448 -8.946505 -6.307448 -8.946505 -6.307448 -6.307448 -6.307448 -6.307448 -6.307448 -6.307448 -8.946505 -8.946505 -6.461598 -6.461598 -6.307448 -6.307448 -6.307448 -6.307448 -6.307448 -6.307448 -6.307448 
-6.307448 -6.307448 -6.307448 -6.307448 -6.307448 -6.307448 -6.307448 -7.847893 -8.946505 -7.847893 -6.307448 -6.307448 -6.307448 -6.307448 -6.307448 -6.307448 -6.307448 -7.847893 -6.461598 -7.847893 -7.847893 -8.946505 -6.307448 -6.307448 -6.307448 -6.307448 -6.307448 -6.307448 
-6.307448 -6.307448 -6.307448 -6.307448 -6.307448 -6.307448 -6.307448 -8.946505 -6.307448 -7.847893 -6.307448 -6.307448 -6.307448 -6.307448 -6.307448 -6.307448 -6.307448 -7.847893 -6.307448 -8.946505 -8.946505 -8.946505 -6.307448 -6.307448 -6.307448 -6.307448 -6.307448 -6.307448 
-6.307448 -6.307448 -6.307448 -6.307448 -6.307448 -7.847893 -7.847893 -6.461598 -8.946505 -6.307448 -6.307448 -6.307448 -6.307448 -6.307448 -6.307448 -6.307448 -6.307448 -6.307448 -7.847893 -6.461598 -6.307448 -7.847893 -6.461598 -6.307448 -6.307448 -6.307448 -6.307448 -6.307448 
-6.307448 -6.307448 -6.307448 -6.307448 -6.307448 -7.847893 -6.461598 -8.946505 -7.847893 -6.307448 -6.307448 -6.307448 -6.307448 -6.307448 -6.307448 -6.307448 -6.307448 -6.307448 -6.307448 -6.307448 -8.946505 -6.461598 -7.847893 -6.461598 -6.461598 -6.307448 -6.307448 -6.307448 
-6.307448 -6.307448 -6.307448 -6.461598 -6.461598 -6.307448 -8.946505 -8.946505 -8.946505 -6.307448 -6.307448 -6.307448 -6.307448 -6.307448 -6.307448 -6.307448 -6.307448 -6.307448 -7.847893 -7.847893 -8.946505 -8.946505 -7.847893 -8.946505 -6.461598 -6.307448 -6.307448 -6.307448 
-6.307448 -6.307448 -6.307448 -8.946505 -8.946505 -7.847893 -8.946505 -6.461598 -8.946505 -6.307448 -6.307448 -6.307448 -6.307448 -6.307448 -6.307448 -6.307448 -6.307448 -6.307448 -7.847893 -7.847893 -8.946505 -8.946505 -7.847893 -8.946505 -6.461598 -6.307448 -6.307448 -6.307448 
-6.307448 -6.307448 -6.307448 -8.946505 -6.461598 -6.307448 -8.946505 -6.461598 -8.946505 -6.307448 -6.307448 -6.307448 -6.307448 -6.307448 -6.307448 -6.307448 -6.307448 -6.307448 -7.847893 -7.847893 -8.946505 -8.946505 -7.847893 -8.946505 -6.461598 -6.307448 -6.307448 -6.307448 
-6.307448 -6.307448 -6.307448 -6.461598 -8.946505 -7.847893 -8.946505 -6.461598 -8.946505 -6.307448 -6.307448 -6.307448 -6.307448 -6.307448 -6.307448 -6.307448 -6.307448 -6.307448 -7.847893 -7.847893 -8.946505 -8.946505 -7.847893 -8.946505 -6.461598 -6.307448 -6.307448 -6.307448 
-6.307448 -6.307448 -6.307448 -6.461598 -8.946505 -6.307448 -6.461598 -8.946505 -8.946505 -6.307448 -6.307448 -6.307448 -6.307448 -6.307448 -6.307448 -6.307448 -6.307448 -6.307448 -7.847893 -7.847893 -8.946505 -8.946505 -7.847893 -8.946505 -6.461598 -6.307448 -6.307448 -6.307448 
-6.307448 -6.307448 -6.307448 -8.946505 -6.461598 -7.847893 -8.946505 -6.461598 -8.946505 -6.307448 -6.307448 -6.307448 -6.307448 -6.307448 -6.307448 -6.307448 -6.307448 -6.307448 -7.847893 -7.847893 -8.946505 -8.946505 -7.847893 -8.946505 -6.461598 -6.307448 -6.307448 -6.307448 
-6.307448 -6.307448 -6.307448 -8.946505 -6.461598 -7.847893 -6.461598 -8.946505 -8.946505 -6.307448 -6.307448 -6.307448 -6.307448 -6.307448 -6.307448 -6.307448 -6.307448 -6.307448 -7.847893 -7.847893 -8.946505 -8.946505 -7.847893 -8.946505 -6.461598 -6.307448 -6.307448 -6.307448 
-6.307448 -6.307448 -6.307448 -6.461598 -8.946505 -7.847893 -6.461598 -8.946505 -8.946505 -6.307448 -6.307448 -6.307448 -6.307448 -6.307448 -6.307448 -6.307448 -6.307448 -6.307448 -7.847893 -7.847893 -8.946505 -8.946505 -7.847893 -8.946505 -6.461598 -6.307448 -6.307448 -6.307448 
-6.307448 -6.307448 -6.307448 -6.307448 -8.946505 -6.461598 -7.847893 -8.946505 -8.946505 -6.307448 -6.307448 -6.307448 -6.307448 -6.307448 -6.307448 -6.307448 -6.307448 -6.307448 -7.847893 -6.461598 -8.946505 -6.307448 -8.946505 -6.461598 -6.461598 -6.307448 -6.307448 -6.307448 
-6.307448 -6.307448 -6.307448 -8.946505 -8.946505 -6.307448 -8.946505 -7.847893 -8.946505 -6.307448 -6.307448 -6.307448 -6.307448 -6.307448 -6.307448 -6.307448 -6.307448 -6.307448 -6.307448 -6.461598 -8.946505 -6.461598 -8.946505 -7.847893 -6.307448 -6.307448 -6.307448 -6.307448 
-6.307448 -6.307448 -6.307448 -6.307448 -7.847893 -8.946505 -6.461598 -8.946505 -6.307448 -6.307448 -6.307448 -6.307448 -6.307448 -6.307448 -6.307448 -6.307448 -6.307448 -6.307448 -7.847893 -8.946505 -8.946505 -6.307448 -6.307448 -6.461598 -6.461598 -6.307448 -6.307448 -6.307448 
-6.307448 -6.307448 -6.307448 -7.847893 -8.946505 -6.461598 -7.847893 -6.461598 -8.946505 -6.307448 -6.307448 -6.307448 -6.307448 -6.307448 -6.307448 -6.307448 -6.307448 -6.307448 -6.307448 -6.307448 -8.946505 -8.946505 -8.946505 -7.847893 -6.461598 -6.307448 -6.307448 -6.307448 
-6.307448 -6.307448 -6.307448 -7.847893 -7.847893 -7.847893 -8.946505 -8.946505 -7.847893 -6.307448 -6.307448 -6.307448 -6.307448 -6.307448 -6.307448 -6.307448 -6.307448 -6.307448 -6.307448 -7.847893 -6.307448 -7.847893 -7.847893 -7.847893 -6.307448 -6.307448 -6.307448 -6.307448 
-6.307448 -6.307448 -6.307448 -6.307448 -6.307448 -7.847893 -8.946505 -8.946505 -6.461598 -6.307448 -6.307448 -6.307448 -6.307448 -6.307448 -6.307448 -6.307448 -6.307448 -6.307448 -7.847893 -6.461598 -6.461598 -7.847893 -6.307448 -6.307448 -6.307448 -6.307448 -6.307448 -6.307448 
-6.307448 -6.307448 -6.307448 -6.307448 -6.307448 -7.847893 -6.307448 -7.847893 -7.847893 -7.847893 -6.307448 -6.307448 -6.307448 -6.307448 -6.307448 -6.307448 -6.307448 -6.307448 -6.307448 -8.946505 -7.847893 -8.946505 -6.307448 -6.307448 -6.307448 -6.307448 -6.307448 -6.307448 
-6.307448 -6.307448 -6.307448 -6.307448 -6.307448 -6.307448 -7.847893 -6.307448 -8.946505 -7.847893 -6.461598 -6.307448 -6.307448 -6.307448 -6.307448 -6.307448 -6.307448 -6.307448 -6.461598 -7.847893 -8.946505 -6.307448 -6.307448 -6.307448 -6.307448 -6.307448 -6.307448 -6.307448 
-6.307448 -6.307448 -6.307448 -6.307448 -6.307448 -6.307448 -6.307448 -6.307448 -6.461598 -7.847893 -6.461598 -6.307448 -6.307448 -6.307448 -6.307448 -6.307448 -6.307448 -6.307448 -6.461598 -8.946505 -6.307448 -6.307448 -6.307448 -6.307448 -6.307448 -6.307448 -6.307448 -6.307448 
-6.307448 -6.307448 -6.307448 -6.307448 -6.307448 -6.307448 -6.307448 -6.307448 -6.307448 -6.461598 -7.847893 -6.461598 -6.461598 -6.461598 -6.307448 -6.461598 -6.461598 -8.946505 -6.307448 -7.847893 -6.307448 -6.307448 -6.307448 -6.307448 -6.307448 -6.307448 -6.307448 -6.307448 
-6.307448 -6.307448 -6.307448 -6.307448 -6.307448 -6.307448 -6.307448 -6.307448 -6.307448 -8.946505 -6.461598 -8.946505 -7.847893 -6.461598 -8.946505 -7.847893 -8.946505 -7.847893 -6.307448 -6.307448 -6.307448 -6.307448 -6.307448 -6.307448 -6.307448 -6.307448 -6.307448 -6.307448 
-6.307448 -6.307448 -6.307448 -6.307448 -6.307448 -6.307448 -6.307448 -6.307448 -6.307448 -7.847893 -7.847893 -6.461598 -8.946505 -8.946505 -6.461598 -7.847893 -6.307448 -8.946505 -6.461598 -6.307448 -6.307448 -6.307448 -6.307448 -6.307448 -6.307448 -6.307448 -6.307448 -6.307448 
