-6.398761 -6.398761 -6.398761 -6.398761 -6.398761 -6.398761 -6.398761 -6.398761 -6.398761 -6.398761 -6.398761 -6.398761 -6.398761 -6.398761 -6.504122 -6.504122 -9.394494 -9.394494 -9.394494 -6.504122 -6.398761 -6.398761 -6.398761 -6.398761 -6.398761 -6.398761 -6.398761 -6.398761 
-6.398761 -6.398761 -6.398761 -6.398761 -6.398761 -6.398761 -6.398761 -6.398761 -6.398761 -6.398761 -6.398761 -6.398761 -6.398761 -6.504122 -6.398761 -9.394494 -9.394494 -9.394494 -9.394494 -6.504122 -6.398761 -6.398761 -6.398761 -6.398761 -6.398761 -6.398761 -6.398761 -6.398761 
-6.398761 -6.398761 -6.398761 -6.398761 -6.398761 -6.398761 -6.398761 -6.398761 -6.398761 -6.398761 -6.398761 -6.398761 -8.295881 -6.504122 -6.398761 -6.398761 -9.394494 -9.394494 -9.394494 -6.504122 -6.398761 -6.398761 -6.398761 -6.398761 -6.398761 -6.398761 -6.398761 -6.398761 
-6.398761 -6.398761 -6.398761 -6.398761 -6.398761 -6.398761 -6.398761 -6.398761 -6.398761 -6.398761 -6.398761 -6.398761 -6.398761 -8.295881 -9.394494 -9.394494 -9.394494 -9.394494 -9.394494 -6.504122 -6.398761 -6.398761 -6.398761 -6.398761 -6.398761 -6.398761 -6.398761 -6.398761 
-6.398761 -6.398761 -6.398761 -6.398761 -6.398761 -6.398761 -6.398761 -6.398761 -6.398761 -6.398761 -6.398761 -8.295881 -9.394494 -6.504122 -9.394494 -6.398761 -9.394494 -9.394494 -9.394494 -6.504122 -6.398761 -6.398761 -6.398761 -6.398761 -6.398761 -6.398761 -6.398761 -6.398761 
-6.398761 -6.398761 -6.398761 -6.398761 -6.398761 -6.398761 -6.398761 -6.504122 -6.398761 -6.398761 -6.504122 -9.394494 -8.295881 -6.398761 -8.295881 -9.394494 -9.394494 -9.394494 -9.394494 -6.504122 -6.398761 -6.398761 -6.398761 -6.398761 -6.398761 -6.398761 -6.398761 -6.398761 
-6.398761 -6.398761 -6.398761 -6.398761 -6.398761 -6.398761 -6.398761 -6.504122 -6.504122 -6.398761 -6.504122 -6.504122 -6.398761 -8.295881 -6.398761 -8.295881 -9.394494 -9.394494 -9.394494 -6.504122 -6.398761 -6.398761 -6.398761 -6.398761 -6.398761 -6.398761 -6.398761 -6.398761 
-6.398761 -6.398761 -6.398761 -6.398761 -6.398761 -6.398761 -6.398761 -6.398761 -6.398761 -6.398761 -6.398761 -6.398761 -6.398761 -8.295881 -8.295881 -9.394494 -9.394494 -9.394494 -9.394494 -6.504122 -6.398761 -6.398761 -6.398761 -6.398761 -6.398761 -6.398761 -6.398761 -6.398761 
-6.398761 -6.398761 -6.398761 -6.398761 -6.398761 -6.398761 -6.398761 -6.398761 -6.398761 -6.398761 -6.398761 -6.398761 -6.398761 -8.295881 -8.295881 -6.504122 -9.394494 -9.394494 -9.394494 -6.504122 -6.398761 -6.398761 -6.398761 -6.398761 -6.398761 -6.398761 -6.398761 -6.398761 
-6.398761 -6.398761 -6.398761 -6.398761 -6.398761 -6.398761 -6.398761 -6.398761 -6.398761 -6.398761 -6.398761 -6.398761 -6.398761 -8.295881 -6.398761 -9.394494 -9.394494 -9.394494 -9.394494 -6.504122 -6.398761 -6.398761 -6.398761 -6.398761 -6.398761 -6.398761 -6.398761 -6.398761 
-6.398761 -6.398761 -6.398761 -6.398761 -6.398761 -6.398761 -6.398761 -6.398761 -6.398761 -6.398761 -6.398761 -6.398761 -6.398761 -8.295881 -6.398761 -9.394494 -9.394494 -9.394494 -9.394494 -6.504122 -6.398761 -6.398761 -6.398761 -6.398761 -6.398761 -6.398761 -6.398761 -6.398761 
-6.398761 -6.398761 -6.398761 -6.398761 -6.398761 -6.398761 -6.398761 -6.398761 -6.398761 -6.398761 -6.398761 -6.398761 -6.398761 -6.398761 -8.295881 -9.394494 -9.394494 -9.394494 -9.394494 -6.504122 -6.398761 -6.398761 -6.398761 -6.398761 -6.398761 -6.398761 -6.398761 -6.398761 
-6.398761 -6.398761 -6.398761 -6.398761 -6.398761 -6.398761 -6.398761 -6.398761 -6.398761 -6.398761 -6.398761 -6.398761 -6.398761 -6.398761 -8.295881 -6.504122 -9.394494 -9.394494 -9.394494 -6.504122 -6.398761 -6.398761 -6.398761 -6.398761 -6.398761 -6.398761 -6.398761 -6.398761 
-6.398761 -6.398761 -6.398761 -6.398761 -6.398761 -6.398761 -6.398761 -6.398761 -6.398761 -6.398761 -6.398761 -6.398761 -6.398761 -8.295881 -8.295881 -9.394494 -9.394494 -9.394494 -9.394494 -6.504122 -6.398761 -6.398761 -6.398761 -6.398761 -6.398761 -6.398761 -6.398761 -6.398761 
-6.398761 -6.398761 -6.398761 -6.398761 -6.398761 -6.398761 -6.398761 -6.398761 -6.398761 -6.398761 -6.398761 -6.398761 -6.398761 -8.295881 -8.295881 -6.504122 -9.394494 -9.394494 -9.394494 -6.504122 -6.398761 -6.398761 -6.398761 -6.398761 -6.398761 -6.398761 -6.398761 -6.398761 
-6.398761 -6.398761 -6.398761 -6.398761 -6.398761 -6.398761 -6.398761 -6.398761 -6.398761 -6.398761 -6.398761 -6.398761 -6.398761 -6.398761 -6.398761 -9.394494 -9.394494 -9.394494 -9.394494 -6.504122 -6.398761 -6.398761 -6.398761 -6.398761 -6.398761 -6.398761 -6.398761 -6.398761 
-6.398761 -6.398761 -6.398761 -6.398761 -6.398761 -6.398761 -6.398761 -6.398761 -6.398761 -6.398761 -6.398761 -6.398761 -6.398761 -8.295881 -6.398761 -9.394494 -9.394494 -9.394494 -9.394494 -6.504122 -6.398761 -6.398761 -6.398761 -6.398761 -6.398761 -6.398761 -6.398761 -6.398761 
-6.398761 -6.398761 -6.398761 -6.398761 -6.398761 -6.398761 -6.398761 -6.398761 -6.398761 -6.398761 -6.398761 -6.398761 -6.398761 -8.295881 -6.398761 -9.394494 -9.394494 -9.394494 -9.394494 -6.504122 -6.398761 -6.398761 -6.398761 -6.398761 -6.398761 -6.398761 -6.398761 -6.398761 
-6.398761 -6.398761 -6.398761 -6.398761 -6.398761 -6.398761 -6.398761 -6.398761 -6.398761 -6.398761 -6.398761 -6.398761 -6.398761 -8.295881 -6.398761 -9.394494 -9.394494 -9.394494 -9.394494 -6.504122 -6.398761 -6.398761 -6.398761 -6.398761 -6.398761 -6.398761 -6.398761 -6.398761 
-6.398761 -6.398761 -6.398761 -6.398761 -6.398761 -6.398761 -6.398761 -6.398761 -6.398761 -6.398761 -6.398761 -6.398761 -6.398761 -8.295881 -6.398761 -9.394494 -9.394494 -9.394494 -9.394494 -6.504122 -6.398761 -6.398761 -6.398761 -6.398761 -6.398761 -6.398761 -6.398761 -6.398761 
-6.398761 -6.398761 -6.398761 -6.398761 -6.398761 -6.398761 -6.398761 -6.398761 -6.398761 -6.398761 -6.398761 -6.398761 -6.398761 -8.295881 -6.398761 -8.295881 -9.394494 -9.394494 -9.394494 -6.504122 -6.398761 -6.398761 -6.398761 -6.398761 -6.398761 -6.398761 -6.398761 -6.398761 
-6.398761 -6.398761 -6.398761 -6.398761 -6.398761 -6.398761 -6.398761 -6.398761 -6.398761 -6.398761 -6.398761 -6.398761 -6.398761 -8.295881 -6.398761 -9.394494 -9.394494 -9.394494 -9.394494 -6.504122 -6.398761 -6.398761 -6.398761 -6.398761 -6.398761 -6.398761 -6.398761 -6.398761 
-6.398761 -6.398761 -6.398761 -6.398761 -6.398761 -6.398761 -6.398761 -6.398761 -6.398761 -6.398761 -6.398761 -6.398761 -6.398761 -8.295881 -6.398761 -8.295881 -9.394494 -9.394494 -9.394494 -6.504122 -6.398761 -6.398761 -6.398761 -6.398761 -6.398761 -6.398761 -6.398761 -6.398761 
-6.398761 -6.398761 -6.398761 -6.398761 -6.398761 -6.398761 -6.398761 -6.398761 -6.398761 -6.398761 -6.398761 -6.398761 -6.398761 -8.295881 -6.398761 -9.394494 -9.394494 -9.394494 -9.394494 -6.504122 -6.398761 -6.398761 -6.398761 -6.398761 -6.398761 -6.398761 -6.398761 -6.398761 
-6.398761 -6.398761 -6.398761 -6.398761 -6.398761 -6.398761 -6.398761 -6.398761 -6.398761 -6.398761 -6.398761 -6.398761 -6.398761 -8.295881 -8.295881 -9.394494 -9.394494 -9.394494 -9.394494 -6.504122 -6.398761 -6.398761 -6.398761 -6.398761 -6.398761 -6.398761 -6.398761 -6.398761 
-6.398761 -6.398761 -6.398761 -6.398761 -6.398761 -6.398761 -6.398761 -6.398761 -6.398761 -6.398761 -6.398761 -6.504122 -6.504122 -9.394494 -6.398761 -8.295881 -9.394494 -9.394494 -9.394494 -6.504122 -6.398761 -6.398761 -6.398761 -6.398761 -6.398761 -6.398761 -6.398761 -6.398761 
-6.398761 -6.398761 -6.398761 -6.398761 -6.398761 -6.398761 -6.398761 -6.504122 -6.504122 -9.394494 -6.504122 -8.295881 -9.394494 -9.394494 -9.394494 -9.394494 -9.394494 -9.394494 -9.394494 -6.504122 -6.398761 -6.398761 -6.398761 -6.398761 -6.398761 -6.398761 -6.398761 -6.398761 
-6.398761 -6.398761 -6.398761 -6.398761 -6.398761 -6.398761 -6.398761 -6.398761 -9.394494 -8.295881 -9.394494 -6.504122 -9.394494 -8.295881 -8.295881 -9.394494 -9.394494 -9.394494 -9.394494 -6.504122 -6.398761 -6.398761 -6.398761 -6.398761 -6.398761 -6.398761 -6.398761 -6.398761 
