-6.454381 -6.454381 -6.454381 -6.454381 -6.454381 -6.454381 -6.454381 -6.454381 -6.454381 -6.454381 -7.188350 -7.188350 -9.673256 -9.673256 -9.673256 -6.454381 -7.034199 -7.188350 -6.454381 -6.454381 -6.454381 -6.454381 -6.454381 -6.454381 -6.454381 -6.454381 -6.454381 -6.454381 
-6.454381 -6.454381 -6.454381 -6.454381 -6.454381 -6.454381 -6.454381 -6.454381 -6.454381 -7.188350 -7.188350 -7.034199 -9.673256 -6.454381 -7.034199 -7.188350 -7.188350 -6.454381 -7.188350 -6.454381 -6.454381 -6.454381 -6.454381 -6.454381 -6.454381 -6.454381 -6.454381 -6.454381 
-6.454381 -6.454381 -6.454381 -6.454381 -6.454381 -6.454381 -6.454381 -7.034199 -7.034199 -7.188350 -6.454381 -6.454381 -7.188350 -9.673256 -7.188350 -7.188350 -7.034199 -6.454381 -9.673256 -6.454381 -6.454381 -6.454381 -6.454381 -6.454381 -6.454381 -6.454381 -6.454381 -6.454381 
-6.454381 -6.454381 -6.454381 -6.454381 -6.454381 -7.188350 -7.188350 -7.188350 -9.673256 -7.034199 -7.034199 -6.454381 -6.454381 -6.454381 -7.034199 -7.034199 -6.454381 -6.454381 -7.188350 -7.188350 -6.454381 -6.454381 -6.454381 -6.454381 -6.454381 -6.454381 -6.454381 -6.454381 
-6.454381 -6.454381 -6.454381 -6.454381 -6.454381 -7.034199 -7.034199 -6.454381 -7.188350 -6.454381 -6.454381 -6.454381 -6.454381 -6.454381 -6.454381 -6.454381 -7.034199 -6.454381 -9.673256 -9.673256 -6.454381 -6.454381 -6.454381 -6.454381 -6.454381 -6.454381 -6.454381 -6.454381 
-6.454381 -6.454381 -6.454381 -6.454381 -6.454381 -7.034199 -6.454381 -6.454381 -6.454381 -6.454381 -6.454381 -6.454381 -6.454381 -6.454381 -6.454381 -6.454381 -6.454381 -9.673256 -7.034199 -7.034199 -9.673256 -7.188350 -7.188350 -6.454381 -6.454381 -6.454381 -6.454381 -6.454381 
-6.454381 -6.454381 -6.454381 -6.454381 -6.454381 -6.454381 -6.454381 -6.454381 -6.454381 -6.454381 -6.454381 -6.454381 -6.454381 -6.454381 -6.454381 -6.454381 -6.454381 -7.034199 -7.034199 -7.188350 -7.188350 -7.034199 -7.188350 -6.454381 -6.454381 -6.454381 -6.454381 -6.454381 
-6.454381 -6.454381 -6.454381 -6.454381 -6.454381 -6.454381 -6.454381 -6.454381 -6.454381 -6.454381 -6.454381 -6.454381 -6.454381 -6.454381 -6.454381 -6.454381 -6.454381 -7.188350 -9.673256 -9.673256 -6.454381 -9.673256 -9.673256 -6.454381 -6.454381 -6.454381 -6.454381 -6.454381 
-6.454381 -6.454381 -6.454381 -6.454381 -6.454381 -6.454381 -6.454381 -6.454381 -6.454381 -6.454381 -6.454381 -6.454381 -6.454381 -6.454381 -6.454381 -6.454381 -6.454381 -6.454381 -9.673256 -9.673256 -9.673256 -9.673256 -7.188350 -6.454381 -6.454381 -6.454381 -6.454381 -6.454381 
-6.454381 -6.454381 -6.454381 -6.454381 -6.454381 -6.454381 -6.454381 -6.454381 -6.454381 -6.454381 -6.454381 -6.454381 -6.454381 -6.454381 -6.454381 -6.454381 -6.454381 -7.188350 -9.673256 -6.454381 -9.673256 -9.673256 -7.188350 -6.454381 -6.454381 -6.454381 -6.454381 -6.454381 
-6.454381 -6.454381 -6.454381 -6.454381 -6.454381 -6.454381 -6.454381 -6.454381 -6.454381 -6.454381 -6.454381 -6.454381 -6.454381 -6.454381 -6.454381 -6.454381 -6.454381 -6.454381 -9.673256 -7.034199 -7.034199 -6.454381 -7.034199 -6.454381 -6.454381 -6.454381 -6.454381 -6.454381 
-6.454381 -6.454381 -6.454381 -6.454381 -6.454381 -6.454381 -6.454381 -6.454381 -6.454381 -6.454381 -6.454381 -6.454381 -6.454381 -6.454381 -6.454381 -6.454381 -6.454381 -7.188350 -9.673256 -9.673256 -7.034199 -6.454381 -6.454381 -6.454381 -6.454381 -6.454381 -6.454381 -6.454381 
-6.454381 -6.454381 -6.454381 -6.454381 -6.454381 -6.454381 -6.454381 -6.454381 -6.454381 -6.454381 -6.454381 -6.454381 -6.454381 -6.454381 -6.454381 -6.454381 -6.454381 -9.673256 -7.034199 -7.188350 -7.034199 -6.454381 -6.454381 -6.454381 -6.454381 -6.454381 -6.454381 -6.454381 
-6.454381 -6.454381 -6.454381 -6.454381 -6.454381 -6.454381 -6.454381 -6.454381 -6.454381 -6.454381 -6.454381 -6.454381 -6.454381 -6.454381 -6.454381 -6.454381 -7.034199 -7.034199 -7.188350 -7.034199 -7.034199 -6.454381 -6.454381 -6.454381 -6.454381 -6.454381 -6.454381 -6.454381 
-6.454381 -6.454381 -6.454381 -6.454381 -6.454381 -6.454381 -6.454381 -6.454381 -6.454381 -6.454381 -6.454381 -6.454381 -6.454381 -6.454381 -6.454381 -6.454381 -7.034199 -9.673256 -7.188350 -6.454381 -6.454381 -6.454381 -6.454381 -6.454381 -6.454381 -6.454381 -6.454381 -6.454381 
-6.454381 -6.454381 -6.454381 -6.454381 -6.454381 -6.454381 -6.454381 -6.454381 -6.454381 -6.454381 -6.454381 -6.454381 -6.454381 -6.454381 -6.454381 -7.188350 -9.673256 -9.673256 -7.034199 -6.454381 -6.454381 -6.454381 -6.454381 -6.454381 -6.454381 -6.454381 -6.454381 -6.454381 
-6.454381 -6.454381 -6.454381 -6.454381 -6.454381 -6.454381 -6.454381 -6.454381 -6.454381 -6.454381 -6.454381 -6.454381 -6.454381 -7.188350 -9.673256 -9.673256 -9.673256 -6.454381 -6.454381 -6.454381 -6.454381 -6.454381 -6.454381 -6.454381 -6.454381 -6.454381 -6.454381 -6.454381 
-6.454381 -6.454381 -6.454381 -6.454381 -6.454381 -6.454381 -6.454381 -6.454381 -6.454381 -6.454381 -6.454381 -6.454381 -6.454381 -7.034199 -9.673256 -7.188350 -6.454381 -6.454381 -6.454381 -6.454381 -6.454381 -6.454381 -6.454381 -6.454381 -6.454381 -6.454381 -6.454381 -6.454381 
-6.454381 -6.454381 -6.454381 -6.454381 -6.454381 -6.454381 -6.454381 -6.454381 -6.454381 -6.454381 -6.454381 -6.454381 -7.034199 -7.188350 -7.034199 -7.034199 -6.454381 -6.454381 -6.454381 -6.454381 -6.454381 -6.454381 -6.454381 -6.454381 -6.454381 -6.454381 -6.454381 -6.454381 
-6.454381 -6.454381 -6.454381 -6.454381 -6.454381 -6.454381 -6.454381 -6.454381 -6.454381 -6.454381 -6.454381 -9.673256 -7.034199 -9.673256 -7.188350 -6.454381 -6.454381 -6.454381 -6.454381 -6.454381 -6.454381 -6.454381 -6.454381 -6.454381 -6.454381 -6.454381 -6.454381 -6.454381 
-6.454381 -6.454381 -6.454381 -6.454381 -6.454381 -6.454381 -6.454381 -6.454381 -6.454381 -7.188350 -7.034199 -9.673256 -9.673256 -6.454381 -6.454381 -6.454381 -6.454381 -6.454381 -6.454381 -6.454381 -6.454381 -6.454381 -6.454381 -6.454381 -6.454381 -6.454381 -6.454381 -6.454381 
-6.454381 -6.454381 -6.454381 -6.454381 -6.454381 -6.454381 -6.454381 -6.454381 -7.188350 -7.034199 -7.188350 -9.673256 -6.454381 -6.454381 -6.454381 -6.454381 -6.454381 -6.454381 -6.454381 -6.454381 -6.454381 -6.454381 -6.454381 -6.454381 -6.454381 -6.454381 -6.454381 -6.454381 
-6.454381 -6.454381 -6.454381 -6.454381 -6.454381 -6.454381 -6.454381 -6.454381 -7.188350 -9.673256 -7.188350 -6.454381 -6.454381 -6.454381 -6.454381 -6.454381 -6.454381 -6.454381 -6.454381 -6.454381 -6.454381 -6.454381 -6.454381 -6.454381 -6.454381 -6.454381 -6.454381 -6.454381 
-6.454381 -6.454381 -6.454381 -6.454381 -6.454381 -7.188350 -7.188350 -9.673256 -7.188350 -9.673256 -7.034199 -6.454381 -6.454381 -6.454381 -6.454381 -6.454381 -6.454381 -6.454381 -6.454381 -6.454381 -6.454381 -6.454381 -6.454381 -6.454381 -6.454381 -6.454381 -6.454381 -6.454381 
-6.454381 -6.454381 -6.454381 -6.454381 -6.454381 -9.673256 -9.673256 -9.673256 -9.673256 -7.034199 -7.188350 -6.454381 -6.454381 -6.454381 -6.454381 -6.454381 -6.454381 -6.454381 -6.454381 -6.454381 -6.454381 -6.454381 -6.454381 -6.454381 -6.454381 -6.454381 -6.454381 -6.454381 
-6.454381 -6.454381 -6.454381 -6.454381 -6.454381 -9.673256 -9.673256 -9.673256 -7.188350 -6.454381 -9.673256 -7.188350 -7.188350 -6.454381 -7.188350 -6.454381 -7.188350 -7.188350 -7.188350 -7.188350 -6.454381 -7.188350 -6.454381 -6.454381 -6.454381 -6.454381 -6.454381 -6.454381 
-6.454381 -6.454381 -6.454381 -6.454381 -6.454381 -9.673256 -9.673256 -9.673256 -7.034199 -9.673256 -7.188350 -6.454381 -7.034199 -9.673256 -7.188350 -9.673256 -6.454381 -7.034199 -9.673256 -7.188350 -9.673256 -7.188350 -9.673256 -6.454381 -6.454381 -6.454381 -6.454381 -6.454381 
-6.454381 -6.454381 -6.454381 -6.454381 -6.454381 -9.673256 -9.673256 -9.673256 -7.034199 -9.673256 -9.673256 -7.034199 -7.188350 -7.188350 -7.034199 -9.673256 -9.673256 -7.188350 -9.673256 -7.034199 -9.673256 -7.034199 -6.454381 -6.454381 -6.454381 -6.454381 -6.454381 -6.454381 
