-6.486233 -6.486233 -6.486233 -6.486233 -6.486233 -6.486233 -6.486233 -6.486233 -7.390690 -6.612985 -7.132861 -10.223903 -10.223903 -6.965806 -7.132861 -10.223903 -10.223903 -6.612985 -6.612985 -6.486233 -6.486233 -6.486233 -6.486233 -6.486233 -6.486233 -6.486233 -6.486233 -6.486233 
-6.486233 -6.486233 -6.486233 -6.486233 -6.486233 -6.486233 -6.486233 -6.486233 -6.612985 -7.390690 -7.132861 -6.612985 -7.179381 -10.223903 -7.179381 -7.132861 -6.486233 -6.612985 -6.486233 -6.486233 -6.486233 -6.486233 -6.486233 -6.486233 -6.486233 -6.486233 -6.486233 -6.486233 
-6.486233 -6.486233 -6.486233 -6.486233 -6.486233 -6.486233 -6.486233 -8.432144 -7.390690 -6.965806 -7.132861 -7.390690 -6.612985 -6.612985 -10.223903 -10.223903 -7.179381 -10.223903 -7.179381 -6.486233 -6.486233 -6.486233 -6.486233 -6.486233 -6.486233 -6.486233 -6.486233 -6.486233 
-6.486233 -6.486233 -6.486233 -6.486233 -6.486233 -6.612985 -7.390690 -6.486233 -7.179381 -7.179381 -6.965806 -6.486233 -6.486233 -6.486233 -6.486233 -6.486233 -10.223903 -6.965806 -7.390690 -6.486233 -6.486233 -6.486233 -6.486233 -6.486233 -6.486233 -6.486233 -6.486233 -6.486233 
-6.486233 -6.486233 -6.486233 -6.486233 -6.486233 -6.965806 -7.179381 -6.612985 -6.486233 -6.486233 -6.486233 -6.486233 -6.486233 -6.486233 -6.486233 -6.612985 -6.486233 -8.432144 -7.179381 -10.223903 -6.965806 -6.486233 -6.486233 -6.486233 -6.486233 -6.486233 -6.486233 -6.486233 
-6.486233 -6.486233 -6.486233 -6.486233 -6.486233 -6.965806 -6.486233 -6.486233 -6.486233 -6.486233 -6.486233 -6.486233 -6.486233 -6.486233 -6.486233 -6.486233 -6.486233 -7.390690 -7.132861 -10.223903 -7.179381 -6.486233 -6.612985 -6.486233 -6.486233 -6.486233 -6.486233 -6.486233 
-6.486233 -6.486233 -6.486233 -6.486233 -6.486233 -6.486233 -6.486233 -6.486233 -6.486233 -6.486233 -6.486233 -6.486233 -6.486233 -6.486233 -6.486233 -6.486233 -6.486233 -7.179381 -10.223903 -7.390690 -6.612985 -7.179381 -6.486233 -6.486233 -6.486233 -6.486233 -6.486233 -6.486233 
-6.486233 -6.486233 -6.486233 -6.486233 -6.486233 -6.486233 -6.486233 -6.486233 -6.486233 -6.486233 -6.486233 -6.486233 -6.486233 -6.486233 -6.486233 -6.486233 -6.486233 -6.612985 -7.132861 -10.223903 -6.965806 -6.486233 -6.486233 -6.486233 -6.486233 -6.486233 -6.486233 -6.486233 
-6.486233 -6.486233 -6.486233 -6.486233 -6.486233 -6.486233 -6.486233 -6.486233 -6.486233 -6.486233 -6.486233 -6.486233 -6.486233 -6.486233 -6.486233 -6.486233 -6.486233 -8.432144 -7.179381 -7.390690 -6.965806 -6.486233 -6.486233 -6.486233 -6.486233 -6.486233 -6.486233 -6.486233 
-6.486233 -6.486233 -6.486233 -6.486233 -6.486233 -6.486233 -6.486233 -6.486233 -6.486233 -6.486233 -6.486233 -6.486233 -6.486233 -6.486233 -6.486233 -7.132861 -6.486233 -8.432144 -7.179381 -8.432144 -6.486233 -6.486233 -6.486233 -6.486233 -6.486233 -6.486233 -6.486233 -6.486233 
-6.486233 -6.486233 -6.486233 -6.486233 -6.486233 -6.486233 -6.486233 -6.486233 -6.486233 -6.486233 -6.486233 -6.486233 -6.486233 -6.486233 -6.486233 -6.612985 -7.390690 -6.612985 -7.390690 -6.486233 -6.965806 -6.486233 -6.486233 -6.486233 -6.486233 -6.486233 -6.486233 -6.486233 
-6.486233 -6.486233 -6.486233 -6.486233 -6.486233 -6.486233 -6.486233 -6.486233 -6.486233 -6.486233 -6.486233 -6.486233 -6.486233 -6.486233 -7.132861 -7.132861 -7.390690 -7.179381 -6.965806 -6.486233 -6.486233 -6.486233 -6.486233 -6.486233 -6.486233 -6.486233 -6.486233 -6.486233 
-6.486233 -6.486233 -6.486233 -6.486233 -6.486233 -6.486233 -6.486233 -6.486233 -6.486233 -6.612985 -6.486233 -6.612985 -6.612985 -6.612985 -7.132861 -6.612985 -6.486233 -6.612985 -6.486233 -6.486233 -6.486233 -6.486233 -6.486233 -6.486233 -6.486233 -6.486233 -6.486233 -6.486233 
-6.486233 -6.486233 -6.486233 -6.486233 -6.486233 -6.486233 -6.486233 -7.132861 -7.132861 -6.612985 -7.132861 -6.612985 -6.486233 -7.132861 -10.223903 -7.179381 -10.223903 -6.486233 -6.612985 -6.486233 -6.486233 -6.486233 -6.486233 -6.486233 -6.486233 -6.486233 -6.486233 -6.486233 
-6.486233 -6.486233 -6.486233 -6.486233 -6.486233 -6.486233 -6.486233 -6.486233 -6.486233 -6.486233 -6.486233 -6.486233 -6.965806 -6.965806 -6.965806 -7.132861 -6.486233 -7.390690 -7.390690 -6.486233 -6.486233 -6.486233 -6.486233 -6.486233 -6.486233 -6.486233 -6.486233 -6.486233 
-6.486233 -6.486233 -6.486233 -6.486233 -6.486233 -6.486233 -6.486233 -6.486233 -6.486233 -6.486233 -6.486233 -6.486233 -6.965806 -6.486233 -6.486233 -10.223903 -10.223903 -6.486233 -6.612985 -7.390690 -6.486233 -6.486233 -6.486233 -6.486233 -6.486233 -6.486233 -6.486233 -6.486233 
-6.486233 -6.486233 -6.486233 -6.486233 -6.486233 -6.486233 -6.486233 -6.486233 -6.486233 -6.486233 -6.486233 -6.486233 -6.486233 -6.486233 -6.486233 -6.486233 -6.486233 -10.223903 -6.612985 -7.390690 -8.432144 -6.612985 -6.612985 -6.486233 -6.486233 -6.486233 -6.486233 -6.486233 
-6.486233 -6.486233 -6.486233 -6.486233 -6.486233 -6.486233 -6.486233 -6.486233 -6.486233 -6.486233 -6.486233 -6.486233 -6.486233 -6.486233 -6.486233 -6.486233 -6.486233 -8.432144 -10.223903 -7.179381 -7.132861 -7.390690 -10.223903 -6.486233 -6.486233 -6.486233 -6.486233 -6.486233 
-6.486233 -6.486233 -6.486233 -6.486233 -6.486233 -6.486233 -6.486233 -6.486233 -6.486233 -6.486233 -6.486233 -6.486233 -6.486233 -6.486233 -6.486233 -6.486233 -6.486233 -7.132861 -6.612985 -10.223903 -10.223903 -7.179381 -7.132861 -6.486233 -6.486233 -6.486233 -6.486233 -6.486233 
-6.486233 -6.486233 -6.486233 -6.486233 -6.486233 -6.486233 -6.486233 -6.486233 -6.486233 -6.486233 -6.486233 -6.486233 -6.486233 -6.486233 -6.486233 -6.486233 -6.486233 -6.965806 -8.432144 -10.223903 -6.612985 -7.390690 -8.432144 -6.486233 -6.486233 -6.486233 -6.486233 -6.486233 
-6.486233 -6.486233 -6.486233 -6.486233 -6.486233 -6.486233 -6.486233 -6.486233 -6.486233 -6.486233 -6.486233 -6.486233 -6.486233 -6.486233 -6.486233 -6.486233 -6.486233 -7.132861 -6.612985 -10.223903 -6.612985 -7.390690 -8.432144 -6.486233 -6.486233 -6.486233 -6.486233 -6.486233 
-6.486233 -6.486233 -6.486233 -6.486233 -6.486233 -6.486233 -6.486233 -6.486233 -6.486233 -6.486233 -6.486233 -6.486233 -6.486233 -6.486233 -6.486233 -6.486233 -6.486233 -8.432144 -7.179381 -6.612985 -6.965806 -10.223903 -7.390690 -6.486233 -6.486233 -6.486233 -6.486233 -6.486233 
-6.486233 -6.486233 -6.486233 -6.486233 -6.486233 -6.486233 -6.486233 -6.486233 -6.486233 -6.486233 -6.486233 -6.486233 -6.486233 -6.486233 -6.486233 -6.486233 -6.486233 -6.965806 -10.223903 -8.432144 -6.612985 -7.390690 -6.965806 -6.486233 -6.486233 -6.486233 -6.486233 -6.486233 
-6.486233 -6.486233 -6.486233 -6.486233 -6.486233 -7.390690 -6.486233 -7.390690 -6.486233 -6.486233 -6.486233 -6.486233 -6.486233 -6.486233 -6.486233 -7.132861 -7.132861 -10.223903 -7.390690 -7.179381 -6.965806 -6.965806 -6.965806 -6.486233 -6.486233 -6.486233 -6.486233 -6.486233 
-6.486233 -6.486233 -6.486233 -6.486233 -6.486233 -7.179381 -8.432144 -6.612985 -7.132861 -7.132861 -7.132861 -7.132861 -7.132861 -7.132861 -7.132861 -7.132861 -6.486233 -10.223903 -6.965806 -6.612985 -6.965806 -6.486233 -6.486233 -6.486233 -6.486233 -6.486233 -6.486233 -6.486233 
-6.486233 -6.486233 -6.486233 -6.486233 -6.486233 -6.486233 -6.965806 -8.432144 -10.223903 -7.132861 -7.390690 -7.390690 -7.132861 -7.390690 -7.390690 -7.132861 -6.612985 -6.612985 -6.965806 -6.486233 -6.486233 -6.486233 -6.486233 -6.486233 -6.486233 -6.486233 -6.486233 -6.486233 
-6.486233 -6.486233 -6.486233 -6.486233 -6.486233 -6.486233 -6.486233 -7.132861 -7.132861 -10.223903 -10.223903 -7.390690 -10.223903 -8.432144 -10.223903 -8.432144 -8.432144 -6.965806 -7.179381 -6.486233 -6.486233 -6.486233 -6.486233 -6.486233 -6.486233 -6.486233 -6.486233 -6.486233 
-6.486233 -6.486233 -6.486233 -6.486233 -6.486233 -6.486233 -6.486233 -6.965806 -7.179381 -6.965806 -6.486233 -6.965806 -6.965806 -6.486233 -6.612985 -6.965806 -6.612985 -7.179381 -6.486233 -6.486233 -6.486233 -6.486233 -6.486233 -6.486233 -6.486233 -6.486233 -6.486233 -6.486233 
