-6.343610 -6.343610 -6.343610 -6.343610 -6.343610 -6.343610 -6.343610 -6.343610 -6.343610 -6.343610 -6.343610 -6.343610 -6.343610 -6.343610 -6.343610 -6.829118 -6.829118 -6.829118 -6.829118 -6.829118 -6.829118 -6.829118 -6.829118 -6.343610 -6.343610 -6.343610 -6.343610 -6.343610 
-6.343610 -6.343610 -6.343610 -6.343610 -6.343610 -6.343610 -6.343610 -6.343610 -6.343610 -6.343610 -6.343610 -6.343610 -6.343610 -6.343610 -6.343610 -6.343610 -6.829118 -6.829118 -6.829118 -6.829118 -6.829118 -6.829118 -6.829118 -6.343610 -6.343610 -6.343610 -6.343610 -6.343610 
-6.343610 -6.343610 -6.343610 -6.343610 -6.343610 -6.343610 -6.343610 -6.343610 -6.343610 -6.343610 -6.343610 -6.343610 -6.343610 -6.343610 -6.343610 -6.829118 -8.908559 -8.908559 -6.829118 -6.829118 -6.829118 -8.908559 -6.829118 -6.343610 -6.343610 -6.343610 -6.343610 -6.343610 
-6.343610 -6.343610 -6.343610 -6.343610 -6.343610 -6.343610 -6.343610 -6.343610 -6.343610 -6.343610 -6.343610 -6.343610 -6.343610 -6.343610 -6.343610 -6.343610 -8.908559 -6.829118 -6.829118 -8.908559 -6.829118 -6.829118 -8.908559 -6.343610 -6.343610 -6.343610 -6.343610 -6.343610 
-6.343610 -6.343610 -6.343610 -6.343610 -6.343610 -6.343610 -6.343610 -6.343610 -6.343610 -6.343610 -6.343610 -6.343610 -6.343610 -6.343610 -7.116800 -8.908559 -6.829118 -8.908559 -8.908559 -8.908559 -8.908559 -8.908559 -6.829118 -6.343610 -6.343610 -6.343610 -6.343610 -6.343610 
-6.343610 -6.343610 -6.343610 -6.343610 -6.343610 -6.343610 -6.343610 -6.343610 -6.343610 -6.343610 -6.343610 -6.343610 -6.343610 -6.343610 -6.343610 -6.343610 -8.908559 -8.908559 -6.829118 -8.908559 -6.829118 -6.829118 -8.908559 -6.343610 -6.343610 -6.343610 -6.343610 -6.343610 
-6.343610 -6.343610 -6.343610 -6.343610 -6.343610 -6.343610 -6.343610 -6.343610 -6.343610 -6.343610 -6.343610 -6.343610 -6.343610 -6.829118 -7.116800 -8.908559 -8.908559 -8.908559 -6.829118 -8.908559 -8.908559 -8.908559 -8.908559 -6.343610 -6.343610 -6.343610 -6.343610 -6.343610 
-6.343610 -6.343610 -6.343610 -6.343610 -6.343610 -6.343610 -6.343610 -6.343610 -6.343610 -6.343610 -6.343610 -6.343610 -6.343610 -7.116800 -8.908559 -6.343610 -8.908559 -6.829118 -8.908559 -8.908559 -8.908559 -8.908559 -6.829118 -6.343610 -6.343610 -6.343610 -6.343610 -6.343610 
-6.343610 -6.343610 -6.343610 -6.343610 -6.343610 -6.343610 -6.343610 -6.343610 -6.343610 -6.343610 -6.343610 -6.343610 -8.908559 -8.908559 -6.829118 -8.908559 -8.908559 -6.343610 -8.908559 -8.908559 -8.908559 -6.343610 -8.908559 -6.343610 -6.343610 -6.343610 -6.343610 -6.343610 
-6.343610 -6.343610 -6.343610 -6.343610 -6.343610 -6.343610 -6.343610 -6.343610 -6.343610 -6.343610 -6.343610 -8.908559 -6.343610 -7.116800 -6.829118 -6.343610 -6.829118 -8.908559 -6.829118 -6.343610 -8.908559 -8.908559 -8.908559 -6.343610 -6.343610 -6.343610 -6.343610 -6.343610 
-6.343610 -6.343610 -6.343610 -6.343610 -6.343610 -6.343610 -6.343610 -6.343610 -6.343610 -6.829118 -6.343610 -6.829118 -6.829118 -7.116800 -6.343610 -6.343610 -6.343610 -6.829118 -6.829118 -7.116800 -7.116800 -6.829118 -6.829118 -6.343610 -6.343610 -6.343610 -6.343610 -6.343610 
-6.343610 -6.343610 -6.343610 -6.343610 -6.343610 -6.343610 -6.343610 -6.343610 -6.343610 -6.829118 -6.829118 -8.908559 -7.116800 -6.343610 -6.343610 -6.343610 -6.343610 -7.116800 -6.829118 -8.908559 -6.829118 -6.829118 -8.908559 -6.343610 -6.343610 -6.343610 -6.343610 -6.343610 
-6.343610 -6.343610 -6.343610 -6.343610 -6.343610 -6.343610 -6.343610 -6.343610 -6.343610 -8.908559 -8.908559 -6.829118 -6.343610 -6.343610 -6.343610 -6.343610 -6.343610 -7.116800 -6.829118 -6.829118 -6.343610 -8.908559 -8.908559 -6.343610 -6.343610 -6.343610 -6.343610 -6.343610 
-6.343610 -6.343610 -6.343610 -6.343610 -6.343610 -6.343610 -6.343610 -6.343610 -6.343610 -8.908559 -6.343610 -7.116800 -6.829118 -6.343610 -6.343610 -6.343610 -6.343610 -6.829118 -8.908559 -8.908559 -7.116800 -8.908559 -7.116800 -6.343610 -6.343610 -6.343610 -6.343610 -6.343610 
-6.343610 -6.343610 -6.343610 -6.343610 -6.343610 -6.343610 -6.343610 -6.343610 -6.829118 -6.343610 -6.829118 -6.343610 -6.343610 -6.343610 -6.343610 -6.343610 -6.343610 -8.908559 -6.829118 -8.908559 -7.116800 -8.908559 -6.343610 -6.343610 -6.343610 -6.343610 -6.343610 -6.343610 
-6.343610 -6.343610 -6.343610 -6.343610 -6.343610 -6.343610 -6.343610 -6.343610 -6.829118 -8.908559 -8.908559 -6.343610 -6.343610 -6.343610 -6.343610 -6.343610 -6.343610 -8.908559 -6.343610 -8.908559 -6.829118 -8.908559 -6.343610 -6.343610 -6.343610 -6.343610 -6.343610 -6.343610 
-6.343610 -6.343610 -6.343610 -6.343610 -6.343610 -6.343610 -6.343610 -6.343610 -7.116800 -6.829118 -7.116800 -6.343610 -6.343610 -6.343610 -6.343610 -6.343610 -6.343610 -6.829118 -8.908559 -8.908559 -6.343610 -8.908559 -6.829118 -6.343610 -6.343610 -6.343610 -6.343610 -6.343610 
-6.343610 -6.343610 -6.343610 -6.343610 -6.343610 -6.343610 -6.343610 -7.116800 -6.829118 -8.908559 -6.343610 -6.343610 -6.343610 -6.343610 -6.343610 -6.343610 -6.343610 -6.343610 -8.908559 -8.908559 -6.343610 -6.829118 -8.908559 -6.343610 -6.343610 -6.343610 -6.343610 -6.343610 
-6.343610 -6.343610 -6.343610 -6.343610 -6.343610 -8.908559 -7.116800 -6.829118 -6.343610 -7.116800 -7.116800 -6.343610 -6.343610 -6.343610 -6.343610 -6.343610 -6.343610 -7.116800 -8.908559 -8.908559 -6.829118 -8.908559 -8.908559 -6.343610 -6.343610 -6.343610 -6.343610 -6.343610 
-6.343610 -6.343610 -6.343610 -6.343610 -6.343610 -6.343610 -6.829118 -8.908559 -8.908559 -8.908559 -6.343610 -7.116800 -7.116800 -7.116800 -7.116800 -7.116800 -7.116800 -6.343610 -6.829118 -7.116800 -6.829118 -8.908559 -6.829118 -6.343610 -6.343610 -6.343610 -6.343610 -6.343610 
-6.343610 -6.343610 -6.343610 -6.343610 -6.343610 -6.343610 -8.908559 -7.116800 -7.116800 -8.908559 -7.116800 -6.343610 -8.908559 -6.343610 -8.908559 -6.343610 -6.829118 -8.908559 -8.908559 -7.116800 -8.908559 -7.116800 -6.343610 -6.343610 -6.343610 -6.343610 -6.343610 -6.343610 
-6.343610 -6.343610 -6.343610 -6.343610 -6.343610 -6.343610 -6.343610 -6.343610 -6.343610 -6.343610 -6.343610 -6.343610 -6.343610 -6.343610 -6.343610 -6.343610 -6.343610 -8.908559 -6.343610 -6.829118 -8.908559 -7.116800 -7.116800 -6.343610 -6.343610 -6.343610 -6.343610 -6.343610 
-6.343610 -6.343610 -6.343610 -6.343610 -6.343610 -6.343610 -6.343610 -6.343610 -6.343610 -6.343610 -6.343610 -6.343610 -6.343610 -6.343610 -6.343610 -6.343610 -6.343610 -8.908559 -7.116800 -8.908559 -8.908559 -6.829118 -8.908559 -6.343610 -6.343610 -6.343610 -6.343610 -6.343610 
-6.343610 -6.343610 -6.343610 -6.343610 -6.343610 -6.343610 -6.343610 -6.343610 -6.343610 -6.343610 -6.343610 -6.343610 -6.343610 -6.343610 -6.343610 -6.343610 -6.343610 -8.908559 -6.343610 -8.908559 -6.343610 -8.908559 -8.908559 -6.343610 -6.343610 -6.343610 -6.343610 -6.343610 
-6.343610 -6.343610 -6.343610 -6.343610 -6.343610 -6.343610 -6.343610 -6.343610 -6.343610 -6.343610 -6.343610 -6.343610 -6.343610 -6.343610 -6.343610 -6.343610 -6.343610 -8.908559 -7.116800 -8.908559 -8.908559 -8.908559 -8.908559 -6.343610 -6.343610 -6.343610 -6.343610 -6.343610 
-6.343610 -6.343610 -6.343610 -6.343610 -6.343610 -6.343610 -6.343610 -6.343610 -6.343610 -6.343610 -6.343610 -6.343610 -6.343610 -6.343610 -6.343610 -6.343610 -6.343610 -8.908559 -7.116800 -8.908559 -8.908559 -8.908559 -8.908559 -6.343610 -6.343610 -6.343610 -6.343610 -6.343610 
-6.343610 -6.343610 -6.343610 -6.343610 -6.343610 -6.343610 -6.343610 -6.343610 -6.343610 -6.343610 -6.343610 -6.343610 -6.343610 -6.343610 -6.343610 -6.343610 -6.343610 -8.908559 -7.116800 -8.908559 -8.908559 -8.908559 -8.908559 -6.343610 -6.343610 -6.343610 -6.343610 -6.343610 
-6.343610 -6.343610 -6.343610 -6.343610 -6.343610 -6.343610 -6.343610 -6.343610 -6.343610 -6.343610 -6.343610 -6.343610 -6.343610 -6.343610 -6.343610 -6.343610 -6.343610 -8.908559 -7.116800 -8.908559 -8.908559 -8.908559 -8.908559 -6.343610 -6.343610 -6.343610 -6.343610 -6.343610 
