-6.442205 -6.442205 -6.442205 -6.442205 -6.442205 -6.553431 -6.553431 -6.553431 -6.553431 -6.553431 -6.553431 -6.553431 -6.553431 -6.553431 -6.442205 -6.442205 -6.442205 -6.553431 -6.442205 -6.553431 -6.442205 -6.442205 -6.442205 -6.442205 -6.442205 -6.442205 -6.442205 -6.442205 
-6.442205 -6.442205 -6.442205 -6.442205 -6.442205 -6.553431 -6.553431 -6.553431 -6.442205 -6.553431 -6.553431 -6.442205 -6.442205 -6.442205 -6.553431 -6.553431 -6.442205 -6.553431 -6.442205 -6.553431 -6.442205 -6.442205 -6.442205 -6.442205 -6.442205 -6.442205 -6.442205 -6.442205 
-6.442205 -6.442205 -6.442205 -6.442205 -6.442205 -6.553431 -9.386644 -9.386644 -6.553431 -8.288032 -8.288032 -6.553431 -6.553431 -6.442205 -6.553431 -6.442205 -6.553431 -6.442205 -6.553431 -6.553431 -6.442205 -6.442205 -6.442205 -6.442205 -6.442205 -6.442205 -6.442205 -6.442205 
-6.442205 -6.442205 -6.442205 -6.442205 -6.442205 -9.386644 -6.553431 -9.386644 -8.288032 -8.288032 -6.553431 -6.442205 -6.442205 -6.442205 -6.442205 -6.442205 -6.442205 -6.442205 -6.442205 -6.442205 -6.442205 -6.442205 -6.442205 -6.442205 -6.442205 -6.442205 -6.442205 -6.442205 
-6.442205 -6.442205 -6.442205 -6.442205 -6.442205 -9.386644 -9.386644 -9.386644 -6.553431 -6.553431 -9.386644 -6.442205 -6.442205 -6.442205 -6.442205 -6.442205 -6.442205 -6.442205 -6.442205 -6.442205 -6.442205 -6.442205 -6.442205 -6.442205 -6.442205 -6.442205 -6.442205 -6.442205 
-6.442205 -6.442205 -6.442205 -6.442205 -6.442205 -9.386644 -9.386644 -6.553431 -9.386644 -6.442205 -9.386644 -6.442205 -6.442205 -6.442205 -6.442205 -6.442205 -6.442205 -6.442205 -6.442205 -6.442205 -6.442205 -6.442205 -6.442205 -6.442205 -6.442205 -6.442205 -6.442205 -6.442205 
-6.442205 -6.442205 -6.442205 -6.442205 -6.442205 -9.386644 -9.386644 -9.386644 -8.288032 -9.386644 -6.553431 -6.442205 -6.442205 -6.442205 -6.442205 -6.442205 -6.442205 -6.442205 -6.442205 -6.442205 -6.442205 -6.442205 -6.442205 -6.442205 -6.442205 -6.442205 -6.442205 -6.442205 
-6.442205 -6.442205 -6.442205 -6.442205 -6.442205 -6.553431 -9.386644 -9.386644 -8.288032 -9.386644 -9.386644 -6.442205 -6.442205 -6.442205 -6.442205 -6.442205 -6.442205 -6.442205 -6.442205 -6.442205 -6.442205 -6.442205 -6.442205 -6.442205 -6.442205 -6.442205 -6.442205 -6.442205 
-6.442205 -6.442205 -6.442205 -6.442205 -6.442205 -8.288032 -6.553431 -8.288032 -9.386644 -6.553431 -8.288032 -6.442205 -6.442205 -6.442205 -6.442205 -6.442205 -6.442205 -6.442205 -6.442205 -6.442205 -6.442205 -6.442205 -6.442205 -6.442205 -6.442205 -6.442205 -6.442205 -6.442205 
-6.442205 -6.442205 -6.442205 -6.442205 -6.442205 -9.386644 -9.386644 -9.386644 -9.386644 -6.553431 -9.386644 -6.442205 -6.442205 -6.442205 -6.442205 -6.442205 -6.442205 -6.442205 -6.442205 -6.442205 -6.442205 -6.442205 -6.442205 -6.442205 -6.442205 -6.442205 -6.442205 -6.442205 
-6.442205 -6.442205 -6.442205 -6.442205 -6.442205 -9.386644 -8.288032 -6.442205 -8.288032 -8.288032 -9.386644 -6.553431 -6.442205 -6.553431 -6.553431 -6.553431 -6.442205 -6.553431 -6.553431 -6.442205 -6.442205 -6.442205 -6.442205 -6.442205 -6.442205 -6.442205 -6.442205 -6.442205 
-6.442205 -6.442205 -6.442205 -6.442205 -6.442205 -6.553431 -9.386644 -9.386644 -9.386644 -9.386644 -9.386644 -6.442205 -6.553431 -6.553431 -6.442205 -6.442205 -6.553431 -6.553431 -6.442205 -6.442205 -6.442205 -6.442205 -6.442205 -6.442205 -6.442205 -6.442205 -6.442205 -6.442205 
-6.442205 -6.442205 -6.442205 -6.442205 -6.442205 -6.442205 -8.288032 -8.288032 -8.288032 -6.442205 -8.288032 -8.288032 -6.442205 -8.288032 -8.288032 -8.288032 -8.288032 -6.442205 -9.386644 -6.553431 -6.442205 -6.442205 -6.442205 -6.442205 -6.442205 -6.442205 -6.442205 -6.442205 
-6.442205 -6.442205 -6.442205 -6.442205 -6.442205 -8.288032 -8.288032 -6.442205 -8.288032 -8.288032 -6.442205 -8.288032 -8.288032 -6.442205 -6.442205 -8.288032 -8.288032 -8.288032 -9.386644 -6.553431 -6.442205 -6.442205 -6.442205 -6.442205 -6.442205 -6.442205 -6.442205 -6.442205 
-6.442205 -6.442205 -6.442205 -6.442205 -6.442205 -6.442205 -6.442205 -6.442205 -6.442205 -6.442205 -6.442205 -6.442205 -6.442205 -6.442205 -6.442205 -6.442205 -6.442205 -6.442205 -6.553431 -6.442205 -9.386644 -6.553431 -6.553431 -6.442205 -6.442205 -6.442205 -6.442205 -6.442205 
-6.442205 -6.442205 -6.442205 -6.442205 -6.442205 -6.442205 -6.442205 -6.442205 -6.442205 -6.442205 -6.442205 -6.442205 -6.442205 -6.442205 -6.442205 -6.442205 -6.442205 -8.288032 -9.386644 -9.386644 -6.442205 -6.442205 -6.553431 -6.442205 -6.442205 -6.442205 -6.442205 -6.442205 
-6.442205 -6.442205 -6.442205 -6.442205 -6.442205 -6.442205 -6.442205 -6.442205 -6.442205 -6.442205 -6.442205 -6.442205 -6.442205 -6.442205 -6.442205 -6.442205 -6.442205 -8.288032 -6.553431 -9.386644 -6.442205 -9.386644 -8.288032 -6.442205 -6.442205 -6.442205 -6.442205 -6.442205 
-6.442205 -6.442205 -6.442205 -6.442205 -6.442205 -6.442205 -6.442205 -6.442205 -6.442205 -6.442205 -6.442205 -6.442205 -6.442205 -6.442205 -6.442205 -6.442205 -6.442205 -6.442205 -6.553431 -6.553431 -9.386644 -9.386644 -6.553431 -6.442205 -6.442205 -6.442205 -6.442205 -6.442205 
-6.442205 -6.442205 -6.442205 -6.442205 -6.442205 -6.442205 -6.442205 -6.442205 -6.442205 -6.442205 -6.442205 -6.442205 -6.442205 -6.442205 -6.442205 -6.442205 -6.442205 -6.442205 -6.442205 -8.288032 -6.553431 -6.442205 -9.386644 -6.442205 -6.442205 -6.442205 -6.442205 -6.442205 
-6.442205 -6.442205 -6.442205 -6.442205 -6.442205 -6.442205 -6.442205 -6.442205 -6.442205 -6.442205 -6.442205 -6.442205 -6.442205 -6.442205 -6.442205 -6.442205 -6.442205 -6.442205 -6.553431 -6.553431 -9.386644 -6.553431 -6.553431 -6.442205 -6.442205 -6.442205 -6.442205 -6.442205 
-6.442205 -6.442205 -6.442205 -6.442205 -6.442205 -6.442205 -6.442205 -6.442205 -6.442205 -6.442205 -6.442205 -6.442205 -6.442205 -6.442205 -6.442205 -6.442205 -6.442205 -6.442205 -6.553431 -9.386644 -8.288032 -8.288032 -8.288032 -6.442205 -6.442205 -6.442205 -6.442205 -6.442205 
-6.442205 -6.442205 -6.442205 -6.442205 -6.442205 -6.442205 -6.442205 -6.442205 -6.442205 -6.442205 -6.442205 -6.442205 -6.442205 -6.442205 -6.442205 -6.442205 -6.442205 -6.442205 -6.442205 -8.288032 -6.553431 -6.442205 -9.386644 -6.442205 -6.442205 -6.442205 -6.442205 -6.442205 
-6.442205 -6.442205 -6.442205 -6.442205 -6.442205 -6.442205 -6.442205 -6.442205 -6.442205 -6.442205 -6.442205 -6.442205 -6.442205 -6.442205 -6.442205 -6.442205 -6.442205 -6.553431 -9.386644 -6.553431 -6.553431 -8.288032 -9.386644 -6.442205 -6.442205 -6.442205 -6.442205 -6.442205 
-6.442205 -6.442205 -6.442205 -6.442205 -6.442205 -6.553431 -6.442205 -6.553431 -6.442205 -6.442205 -6.442205 -6.442205 -6.442205 -6.442205 -6.442205 -6.442205 -6.553431 -8.288032 -8.288032 -9.386644 -8.288032 -6.442205 -6.442205 -6.442205 -6.442205 -6.442205 -6.442205 -6.442205 
-6.442205 -6.442205 -6.442205 -6.442205 -6.442205 -6.553431 -6.553431 -6.553431 -6.442205 -6.442205 -6.442205 -6.442205 -6.442205 -6.442205 -6.442205 -6.442205 -6.442205 -9.386644 -8.288032 -6.442205 -8.288032 -6.442205 -6.442205 -6.442205 -6.442205 -6.442205 -6.442205 -6.442205 
-6.442205 -6.442205 -6.442205 -6.442205 -6.442205 -9.386644 -6.553431 -6.553431 -9.386644 -6.442205 -6.553431 -6.553431 -6.553431 -6.442205 -6.553431 -6.442205 -6.553431 -6.442205 -8.288032 -6.442205 -6.442205 -6.442205 -6.442205 -6.442205 -6.442205 -6.442205 -6.442205 -6.442205 
-6.442205 -6.442205 -6.442205 -6.442205 -6.442205 -9.386644 -9.386644 -9.386644 -6.442205 -9.386644 -8.288032 -6.442205 -8.288032 -9.386644 -9.386644 -9.386644 -9.386644 -8.288032 -8.288032 -6.442205 -6.442205 -6.442205 -6.442205 -6.442205 -6.442205 -6.442205 -6.442205 -6.442205 
-6.442205 -6.442205 -6.442205 -6.442205 -6.442205 -9.386644 -9.386644 -9.386644 -9.386644 -8.288032 -6.442205 -9.386644 -8.288032 -6.553431 -6.442205 -8.288032 -6.442205 -8.288032 -6.442205 -6.442205 -6.442205 -6.442205 -6.442205 -6.442205 -6.442205 -6.442205 -6.442205 -6.442205 
