-6.363028 -6.363028 -6.363028 -6.363028 -6.363028 -6.363028 -6.363028 -6.363028 -6.363028 -6.363028 -6.688451 -6.363028 -6.688451 -7.461640 -9.253400 -6.363028 -9.253400 -9.253400 -6.688451 -6.688451 -6.688451 -6.363028 -6.363028 -6.363028 -6.363028 -6.363028 -6.363028 -6.363028 
-6.363028 -6.363028 -6.363028 -6.363028 -6.363028 -6.363028 -6.363028 -6.363028 -6.363028 -6.363028 -6.363028 -6.688451 -6.688451 -7.461640 -9.253400 -9.253400 -6.688451 -9.253400 -7.461640 -6.363028 -6.688451 -6.363028 -6.363028 -6.363028 -6.363028 -6.363028 -6.363028 -6.363028 
-6.363028 -6.363028 -6.363028 -6.363028 -6.363028 -6.363028 -6.363028 -6.363028 -6.363028 -7.461640 -9.253400 -9.253400 -7.461640 -6.688451 -6.363028 -6.688451 -6.363028 -6.688451 -6.688451 -9.253400 -9.253400 -6.363028 -6.363028 -6.363028 -6.363028 -6.363028 -6.363028 -6.363028 
-6.363028 -6.363028 -6.363028 -6.363028 -6.363028 -6.363028 -6.363028 -6.363028 -7.461640 -6.688451 -6.688451 -9.253400 -7.461640 -6.363028 -6.363028 -6.363028 -6.363028 -6.363028 -6.363028 -9.253400 -6.363028 -6.363028 -6.363028 -6.363028 -6.363028 -6.363028 -6.363028 -6.363028 
-6.363028 -6.363028 -6.363028 -6.363028 -6.363028 -6.363028 -7.461640 -6.363028 -7.461640 -6.688451 -7.461640 -6.363028 -6.363028 -6.363028 -6.363028 -6.363028 -6.363028 -6.363028 -6.363028 -6.688451 -6.688451 -6.363028 -6.363028 -6.363028 -6.363028 -6.363028 -6.363028 -6.363028 
-6.363028 -6.363028 -6.363028 -6.363028 -6.363028 -6.363028 -6.363028 -7.461640 -6.688451 -7.461640 -7.461640 -6.363028 -6.363028 -6.363028 -6.363028 -6.363028 -6.363028 -6.363028 -6.363028 -6.363028 -6.363028 -6.363028 -6.363028 -6.363028 -6.363028 -6.363028 -6.363028 -6.363028 
-6.363028 -6.363028 -6.363028 -6.363028 -6.363028 -6.363028 -7.461640 -6.688451 -9.253400 -7.461640 -6.363028 -6.363028 -6.363028 -6.363028 -6.363028 -6.363028 -6.363028 -6.363028 -6.363028 -6.363028 -6.363028 -6.363028 -6.363028 -6.363028 -6.363028 -6.363028 -6.363028 -6.363028 
-6.363028 -6.363028 -6.363028 -6.363028 -9.253400 -6.363028 -9.253400 -7.461640 -9.253400 -6.363028 -6.363028 -6.363028 -6.363028 -6.363028 -6.363028 -6.363028 -6.363028 -6.363028 -6.363028 -6.363028 -6.363028 -6.363028 -6.363028 -6.363028 -6.363028 -6.363028 -6.363028 -6.363028 
-6.363028 -6.363028 -6.363028 -6.363028 -9.253400 -9.253400 -9.253400 -9.253400 -9.253400 -6.363028 -6.363028 -6.363028 -6.363028 -6.363028 -6.363028 -6.363028 -6.363028 -6.363028 -6.363028 -6.363028 -6.363028 -6.363028 -6.363028 -6.363028 -6.363028 -6.363028 -6.363028 -6.363028 
-6.363028 -6.363028 -6.363028 -6.363028 -9.253400 -9.253400 -9.253400 -9.253400 -6.688451 -6.363028 -6.363028 -6.363028 -6.363028 -6.363028 -6.363028 -6.363028 -6.363028 -6.363028 -6.363028 -6.363028 -6.363028 -6.363028 -6.363028 -6.363028 -6.363028 -6.363028 -6.363028 -6.363028 
-6.363028 -6.363028 -6.363028 -6.363028 -9.253400 -9.253400 -9.253400 -9.253400 -6.688451 -6.363028 -6.363028 -6.363028 -6.363028 -6.363028 -6.363028 -6.363028 -6.363028 -6.363028 -6.363028 -6.363028 -6.363028 -6.363028 -6.363028 -6.363028 -6.363028 -6.363028 -6.363028 -6.363028 
-6.363028 -6.363028 -6.363028 -6.363028 -9.253400 -9.253400 -9.253400 -9.253400 -6.688451 -6.363028 -6.363028 -6.363028 -6.363028 -6.363028 -6.363028 -6.363028 -6.363028 -6.363028 -6.363028 -6.363028 -6.363028 -6.363028 -6.363028 -6.363028 -6.363028 -6.363028 -6.363028 -6.363028 
-6.363028 -6.363028 -6.363028 -6.363028 -9.253400 -9.253400 -9.253400 -9.253400 -6.363028 -9.253400 -9.253400 -6.363028 -7.461640 -9.253400 -6.688451 -6.688451 -6.363028 -9.253400 -6.688451 -6.363028 -6.363028 -6.363028 -6.363028 -6.363028 -6.363028 -6.363028 -6.363028 -6.363028 
-6.363028 -6.363028 -6.363028 -6.363028 -9.253400 -9.253400 -9.253400 -9.253400 -9.253400 -6.688451 -7.461640 -6.363028 -9.253400 -7.461640 -9.253400 -7.461640 -7.461640 -9.253400 -6.363028 -6.363028 -6.363028 -6.363028 -6.363028 -6.363028 -6.363028 -6.363028 -6.363028 -6.363028 
-6.363028 -6.363028 -6.363028 -6.363028 -9.253400 -9.253400 -9.253400 -9.253400 -6.363028 -9.253400 -6.363028 -6.363028 -6.363028 -6.363028 -6.363028 -6.363028 -6.363028 -6.363028 -6.688451 -7.461640 -7.461640 -6.363028 -6.363028 -6.363028 -6.363028 -6.363028 -6.363028 -6.363028 
-6.363028 -6.363028 -6.363028 -6.363028 -9.253400 -9.253400 -9.253400 -9.253400 -9.253400 -6.688451 -6.363028 -6.363028 -6.363028 -6.363028 -6.363028 -6.363028 -6.363028 -7.461640 -7.461640 -6.688451 -6.363028 -6.363028 -6.363028 -6.363028 -6.363028 -6.363028 -6.363028 -6.363028 
-6.363028 -6.363028 -6.363028 -6.363028 -7.461640 -9.253400 -9.253400 -7.461640 -6.688451 -6.363028 -6.363028 -6.363028 -6.363028 -6.363028 -6.363028 -6.363028 -6.363028 -6.363028 -9.253400 -6.688451 -6.688451 -9.253400 -7.461640 -6.688451 -6.363028 -6.363028 -6.363028 -6.363028 
-6.363028 -6.363028 -6.363028 -6.363028 -7.461640 -7.461640 -9.253400 -9.253400 -6.363028 -6.363028 -6.363028 -6.363028 -6.363028 -6.363028 -6.363028 -6.363028 -6.363028 -7.461640 -6.363028 -9.253400 -7.461640 -6.363028 -9.253400 -6.363028 -6.363028 -6.363028 -6.363028 -6.363028 
-6.363028 -6.363028 -6.363028 -6.363028 -9.253400 -9.253400 -7.461640 -9.253400 -6.688451 -6.363028 -6.363028 -6.363028 -6.363028 -6.363028 -6.363028 -6.363028 -6.363028 -6.363028 -7.461640 -6.688451 -6.363028 -9.253400 -9.253400 -6.363028 -6.363028 -6.363028 -6.363028 -6.363028 
-6.363028 -6.363028 -6.363028 -6.363028 -9.253400 -9.253400 -7.461640 -9.253400 -6.688451 -6.363028 -6.363028 -6.363028 -6.363028 -6.363028 -6.363028 -6.363028 -6.363028 -7.461640 -6.688451 -9.253400 -9.253400 -6.688451 -7.461640 -6.688451 -6.363028 -6.363028 -6.363028 -6.363028 
-6.363028 -6.363028 -6.363028 -6.363028 -7.461640 -7.461640 -7.461640 -9.253400 -6.688451 -6.363028 -6.363028 -6.363028 -6.363028 -6.363028 -6.363028 -6.363028 -6.363028 -7.461640 -9.253400 -6.363028 -6.363028 -7.461640 -7.461640 -6.688451 -6.363028 -6.363028 -6.363028 -6.363028 
-6.363028 -6.363028 -6.363028 -6.363028 -9.253400 -9.253400 -9.253400 -7.461640 -9.253400 -6.363028 -6.363028 -6.363028 -6.363028 -6.363028 -6.363028 -6.363028 -6.363028 -7.461640 -9.253400 -9.253400 -9.253400 -7.461640 -7.461640 -6.363028 -6.363028 -6.363028 -6.363028 -6.363028 
-6.363028 -6.363028 -6.363028 -6.363028 -7.461640 -9.253400 -9.253400 -7.461640 -7.461640 -7.461640 -6.363028 -6.363028 -6.363028 -6.363028 -6.363028 -6.363028 -6.363028 -7.461640 -6.363028 -6.363028 -7.461640 -6.363028 -6.363028 -6.363028 -6.363028 -6.363028 -6.363028 -6.363028 
-6.363028 -6.363028 -6.363028 -6.363028 -7.461640 -7.461640 -7.461640 -9.253400 -6.688451 -9.253400 -6.363028 -6.363028 -6.363028 -6.363028 -6.363028 -6.363028 -6.363028 -6.363028 -9.253400 -9.253400 -6.688451 -6.363028 -6.363028 -6.363028 -6.363028 -6.363028 -6.363028 -6.363028 
-6.363028 -6.363028 -6.363028 -6.363028 -6.363028 -6.363028 -7.461640 -6.688451 -9.253400 -7.461640 -6.363028 -6.363028 -6.363028 -6.363028 -6.363028 -6.363028 -6.688451 -7.461640 -9.253400 -6.688451 -7.461640 -6.363028 -6.363028 -6.363028 -6.363028 -6.363028 -6.363028 -6.363028 
-6.363028 -6.363028 -6.363028 -6.363028 -6.363028 -6.363028 -6.363028 -7.461640 -9.253400 -7.461640 -6.688451 -6.688451 -6.688451 -6.688451 -6.363028 -9.253400 -7.461640 -9.253400 -6.363028 -7.461640 -7.461640 -6.363028 -6.363028 -6.363028 -6.363028 -6.363028 -6.363028 -6.363028 
-6.363028 -6.363028 -6.363028 -6.363028 -6.363028 -6.363028 -6.363028 -6.363028 -6.363028 -9.253400 -7.461640 -7.461640 -7.461640 -7.461640 -9.253400 -6.688451 -9.253400 -6.688451 -6.363028 -6.363028 -6.363028 -6.363028 -6.363028 -6.363028 -6.363028 -6.363028 -6.363028 -6.363028 
-6.363028 -6.363028 -6.363028 -6.363028 -6.363028 -6.363028 -6.363028 -6.363028 -6.363028 -9.253400 -6.363028 -6.688451 -9.253400 -6.688451 -9.253400 -7.461640 -9.253400 -6.688451 -6.363028 -6.363028 -6.363028 -6.363028 -6.363028 -6.363028 -6.363028 -6.363028 -6.363028 -6.363028 
