-6.512241 -6.512241 -6.512241 -6.512241 -6.512241 -6.512241 -6.655341 -6.655341 -6.655341 -6.655341 -6.512241 -6.655341 -6.655341 -6.512241 -6.655341 -6.512241 -6.655341 -6.655341 -6.655341 -6.655341 -6.512241 -6.655341 -6.512241 -6.512241 -6.512241 -6.512241 -6.512241 -6.512241 
-6.512241 -6.512241 -6.512241 -6.512241 -6.512241 -6.655341 -6.512241 -6.655341 -6.655341 -6.655341 -6.512241 -6.512241 -6.655341 -6.655341 -6.655341 -6.655341 -6.655341 -6.512241 -6.512241 -6.655341 -6.655341 -6.655341 -6.655341 -6.512241 -6.512241 -6.512241 -6.512241 -6.512241 
-6.512241 -6.512241 -6.512241 -6.512241 -6.512241 -6.655341 -6.655341 -6.655341 -6.512241 -6.655341 -6.512241 -6.655341 -6.512241 -6.512241 -6.655341 -6.655341 -6.655341 -6.655341 -9.220291 -6.512241 -8.121678 -6.655341 -6.512241 -6.512241 -6.512241 -6.512241 -6.512241 -6.512241 
-6.512241 -6.512241 -6.512241 -6.512241 -6.512241 -6.512241 -6.512241 -6.512241 -6.512241 -6.512241 -6.512241 -6.512241 -6.512241 -6.512241 -6.512241 -6.512241 -6.512241 -8.121678 -9.220291 -6.655341 -8.121678 -6.655341 -6.655341 -6.512241 -6.512241 -6.512241 -6.512241 -6.512241 
-6.512241 -6.512241 -6.512241 -6.512241 -6.512241 -6.512241 -6.512241 -6.512241 -6.512241 -6.512241 -6.512241 -6.512241 -6.512241 -6.512241 -6.512241 -6.512241 -6.512241 -6.655341 -6.512241 -9.220291 -6.655341 -6.512241 -6.512241 -6.512241 -6.512241 -6.512241 -6.512241 -6.512241 
-6.512241 -6.512241 -6.512241 -6.512241 -6.512241 -6.512241 -6.512241 -6.512241 -6.512241 -6.512241 -6.512241 -6.512241 -6.512241 -6.512241 -6.512241 -6.512241 -6.512241 -9.220291 -9.220291 -6.512241 -6.512241 -6.512241 -6.512241 -6.512241 -6.512241 -6.512241 -6.512241 -6.512241 
-6.512241 -6.512241 -6.512241 -6.512241 -6.512241 -6.512241 -6.512241 -6.512241 -6.512241 -6.512241 -6.512241 -6.512241 -6.512241 -6.512241 -6.512241 -6.512241 -8.121678 -6.512241 -6.655341 -9.220291 -6.512241 -6.512241 -6.512241 -6.512241 -6.512241 -6.512241 -6.512241 -6.512241 
-6.512241 -6.512241 -6.512241 -6.512241 -6.512241 -6.512241 -6.512241 -6.512241 -6.512241 -6.512241 -6.512241 -6.512241 -6.512241 -6.512241 -6.512241 -6.655341 -6.512241 -9.220291 -8.121678 -6.655341 -6.512241 -6.512241 -6.512241 -6.512241 -6.512241 -6.512241 -6.512241 -6.512241 
-6.512241 -6.512241 -6.512241 -6.512241 -6.512241 -6.512241 -6.512241 -6.512241 -6.512241 -6.512241 -6.512241 -6.512241 -6.512241 -6.512241 -6.512241 -6.655341 -8.121678 -6.655341 -9.220291 -6.512241 -6.512241 -6.512241 -6.512241 -6.512241 -6.512241 -6.512241 -6.512241 -6.512241 
-6.512241 -6.512241 -6.512241 -6.512241 -6.512241 -6.512241 -6.512241 -6.512241 -6.512241 -6.512241 -6.512241 -6.512241 -6.512241 -6.512241 -6.512241 -6.655341 -6.655341 -9.220291 -8.121678 -6.512241 -6.512241 -6.512241 -6.512241 -6.512241 -6.512241 -6.512241 -6.512241 -6.512241 
-6.512241 -6.512241 -6.512241 -6.512241 -6.512241 -6.512241 -6.512241 -6.512241 -6.512241 -6.512241 -6.512241 -6.512241 -6.512241 -6.512241 -6.512241 -6.512241 -8.121678 -6.512241 -9.220291 -6.512241 -6.512241 -6.512241 -6.512241 -6.512241 -6.512241 -6.512241 -6.512241 -6.512241 
-6.512241 -6.512241 -6.512241 -6.512241 -6.512241 -6.512241 -6.512241 -6.512241 -6.512241 -6.512241 -6.512241 -6.512241 -6.512241 -6.512241 -6.512241 -9.220291 -6.655341 -6.512241 -6.655341 -6.512241 -6.512241 -6.512241 -6.512241 -6.512241 -6.512241 -6.512241 -6.512241 -6.512241 
-6.512241 -6.512241 -6.512241 -6.512241 -6.512241 -6.512241 -6.512241 -6.512241 -6.512241 -6.512241 -6.512241 -6.512241 -6.512241 -6.512241 -6.512241 -8.121678 -9.220291 -6.512241 -6.512241 -6.512241 -6.512241 -6.512241 -6.512241 -6.512241 -6.512241 -6.512241 -6.512241 -6.512241 
-6.512241 -6.512241 -6.512241 -6.512241 -6.512241 -6.512241 -6.512241 -6.512241 -6.512241 -6.512241 -6.512241 -6.512241 -6.512241 -6.655341 -6.655341 -6.655341 -6.512241 -6.512241 -6.512241 -6.512241 -6.512241 -6.512241 -6.512241 -6.512241 -6.512241 -6.512241 -6.512241 -6.512241 
-6.512241 -6.512241 -6.512241 -6.512241 -6.512241 -6.512241 -6.512241 -6.512241 -6.512241 -6.512241 -6.512241 -6.512241 -6.512241 -8.121678 -9.220291 -6.655341 -9.220291 -6.512241 -6.512241 -6.512241 -6.512241 -6.512241 -6.512241 -6.512241 -6.512241 -6.512241 -6.512241 -6.512241 
-6.512241 -6.512241 -6.512241 -6.512241 -6.512241 -6.512241 -6.512241 -6.512241 -6.512241 -6.512241 -6.512241 -6.512241 -6.512241 -6.655341 -6.512241 -9.220291 -6.512241 -6.512241 -6.512241 -6.512241 -6.512241 -6.512241 -6.512241 -6.512241 -6.512241 -6.512241 -6.512241 -6.512241 
-6.512241 -6.512241 -6.512241 -6.512241 -6.512241 -6.512241 -6.512241 -6.512241 -6.512241 -6.512241 -6.512241 -6.655341 -9.220291 -8.121678 -6.512241 -8.121678 -6.512241 -6.512241 -6.512241 -6.512241 -6.512241 -6.512241 -6.512241 -6.512241 -6.512241 -6.512241 -6.512241 -6.512241 
-6.512241 -6.512241 -6.512241 -6.512241 -6.512241 -6.512241 -6.512241 -6.512241 -6.512241 -6.512241 -6.512241 -6.655341 -6.512241 -6.655341 -8.121678 -6.512241 -6.512241 -6.512241 -6.512241 -6.512241 -6.512241 -6.512241 -6.512241 -6.512241 -6.512241 -6.512241 -6.512241 -6.512241 
-6.512241 -6.512241 -6.512241 -6.512241 -6.512241 -6.512241 -6.512241 -6.512241 -6.512241 -6.512241 -6.512241 -9.220291 -9.220291 -6.512241 -9.220291 -8.121678 -6.512241 -6.512241 -6.512241 -6.512241 -6.512241 -6.512241 -6.512241 -6.512241 -6.512241 -6.512241 -6.512241 -6.512241 
-6.512241 -6.512241 -6.512241 -6.512241 -6.512241 -6.512241 -6.512241 -6.512241 -6.512241 -6.512241 -6.512241 -8.121678 -8.121678 -8.121678 -6.512241 -6.512241 -6.512241 -6.512241 -6.512241 -6.512241 -6.512241 -6.512241 -6.512241 -6.512241 -6.512241 -6.512241 -6.512241 -6.512241 
-6.512241 -6.512241 -6.512241 -6.512241 -6.512241 -6.512241 -6.512241 -6.512241 -6.512241 -6.655341 -6.655341 -9.220291 -6.655341 -8.121678 -6.512241 -6.512241 -6.512241 -6.512241 -6.512241 -6.512241 -6.512241 -6.512241 -6.512241 -6.512241 -6.512241 -6.512241 -6.512241 -6.512241 
-6.512241 -6.512241 -6.512241 -6.512241 -6.512241 -6.512241 -6.512241 -6.512241 -6.512241 -9.220291 -6.655341 -8.121678 -6.512241 -6.512241 -6.512241 -6.512241 -6.512241 -6.512241 -6.512241 -6.512241 -6.512241 -6.512241 -6.512241 -6.512241 -6.512241 -6.512241 -6.512241 -6.512241 
-6.512241 -6.512241 -6.512241 -6.512241 -6.512241 -6.512241 -6.512241 -6.512241 -6.512241 -9.220291 -9.220291 -9.220291 -9.220291 -6.512241 -6.512241 -6.512241 -6.512241 -6.512241 -6.512241 -6.512241 -6.512241 -6.512241 -6.512241 -6.512241 -6.512241 -6.512241 -6.512241 -6.512241 
-6.512241 -6.512241 -6.512241 -6.512241 -6.512241 -6.512241 -6.512241 -6.512241 -6.655341 -9.220291 -8.121678 -6.512241 -6.655341 -6.512241 -6.512241 -6.512241 -6.512241 -6.512241 -6.512241 -6.512241 -6.512241 -6.512241 -6.512241 -6.512241 -6.512241 -6.512241 -6.512241 -6.512241 
-6.512241 -6.512241 -6.512241 -6.512241 -6.512241 -6.512241 -6.512241 -6.512241 -6.512241 -9.220291 -9.220291 -9.220291 -6.655341 -6.512241 -6.512241 -6.512241 -6.512241 -6.512241 -6.512241 -6.512241 -6.512241 -6.512241 -6.512241 -6.512241 -6.512241 -6.512241 -6.512241 -6.512241 
-6.512241 -6.512241 -6.512241 -6.512241 -6.512241 -6.512241 -6.512241 -6.512241 -6.655341 -9.220291 -6.512241 -8.121678 -6.512241 -6.512241 -6.512241 -6.512241 -6.512241 -6.512241 -6.512241 -6.512241 -6.512241 -6.512241 -6.512241 -6.512241 -6.512241 -6.512241 -6.512241 -6.512241 
-6.512241 -6.512241 -6.512241 -6.512241 -6.512241 -6.512241 -6.512241 -8.121678 -9.220291 -6.655341 -9.220291 -6.512241 -6.512241 -6.512241 -6.512241 -6.512241 -6.512241 -6.512241 -6.512241 -6.512241 -6.512241 -6.512241 -6.512241 -6.512241 -6.512241 -6.512241 -6.512241 -6.512241 
-6.512241 -6.512241 -6.512241 -6.512241 -6.512241 -6.655341 -6.655341 -9.220291 -6.512241 -6.512241 -9.220291 -6.512241 -6.512241 -6.512241 -6.512241 -6.512241 -6.512241 -6.512241 -6.512241 -6.512241 -6.512241 -6.512241 -6.512241 -6.512241 -6.512241 -6.512241 -6.512241 -6.512241 
