-6.419551 -6.419551 -6.419551 -6.419551 -6.419551 -6.419551 -6.419551 -6.419551 -6.419551 -6.592822 -7.564683 -6.802543 -8.594302 -10.203740 -8.817446 -6.769753 -6.490168 -6.592822 -6.490168 -6.514861 -6.419551 -6.419551 -6.419551 -6.419551 -6.419551 -6.419551 -6.419551 -6.419551 
-6.419551 -6.419551 -6.419551 -6.419551 -6.419551 -6.419551 -6.419551 -6.419551 -6.490168 -6.419551 -6.419551 -10.203740 -6.592822 -6.419551 -10.203740 -6.514861 -7.564683 -6.514861 -6.490168 -6.419551 -6.419551 -6.419551 -6.419551 -6.419551 -6.419551 -6.419551 -6.419551 -6.419551 
-6.419551 -6.419551 -6.419551 -6.419551 -6.419551 -6.419551 -6.419551 -7.313369 -7.313369 -10.203740 -6.907903 -6.419551 -6.514861 -6.592822 -6.592822 -6.769753 -6.592822 -8.594302 -10.203740 -7.564683 -6.419551 -6.419551 -6.419551 -6.419551 -6.419551 -6.419551 -6.419551 -6.419551 
-6.419551 -6.419551 -6.419551 -6.419551 -6.419551 -6.419551 -6.514861 -10.203740 -7.805845 -6.769753 -6.514861 -6.677380 -6.419551 -6.419551 -6.419551 -6.677380 -6.677380 -6.769753 -6.769753 -7.564683 -6.490168 -6.592822 -6.490168 -6.419551 -6.419551 -6.419551 -6.419551 -6.419551 
-6.419551 -6.419551 -6.419551 -6.419551 -6.419551 -7.495690 -7.495690 -6.419551 -6.907903 -7.495690 -6.419551 -6.419551 -6.419551 -6.419551 -6.419551 -6.419551 -6.419551 -8.817446 -6.907903 -8.594302 -6.592822 -7.805845 -6.419551 -6.419551 -6.419551 -6.419551 -6.419551 -6.419551 
-6.419551 -6.419551 -6.419551 -6.419551 -6.677380 -6.677380 -8.817446 -7.805845 -7.313369 -7.313369 -6.419551 -6.419551 -6.419551 -6.419551 -6.419551 -6.419551 -6.419551 -7.313369 -6.490168 -6.677380 -10.203740 -7.805845 -6.490168 -6.419551 -6.419551 -6.419551 -6.419551 -6.419551 
-6.419551 -6.419551 -6.419551 -6.419551 -6.490168 -8.124299 -6.592822 -6.907903 -6.907903 -7.313369 -6.419551 -6.419551 -6.419551 -6.419551 -6.419551 -6.419551 -6.419551 -6.490168 -8.594302 -7.805845 -6.677380 -7.313369 -6.490168 -6.419551 -6.419551 -6.419551 -6.419551 -6.419551 
-6.419551 -6.419551 -6.419551 -6.419551 -6.419551 -6.490168 -10.203740 -8.124299 -8.124299 -7.495690 -6.419551 -6.419551 -6.419551 -6.419551 -6.419551 -6.419551 -6.419551 -6.490168 -6.677380 -8.594302 -7.564683 -6.907903 -6.769753 -6.419551 -6.419551 -6.419551 -6.419551 -6.419551 
-6.419551 -6.419551 -6.419551 -6.419551 -6.677380 -7.495690 -6.677380 -10.203740 -7.805845 -7.495690 -6.419551 -6.419551 -6.419551 -6.419551 -6.419551 -6.419551 -6.419551 -6.419551 -6.490168 -10.203740 -8.817446 -7.564683 -6.490168 -6.419551 -6.419551 -6.419551 -6.419551 -6.419551 
-6.419551 -6.419551 -6.419551 -6.419551 -6.419551 -6.677380 -6.769753 -7.805845 -6.802543 -7.495690 -6.419551 -6.419551 -6.419551 -6.419551 -6.419551 -6.419551 -6.419551 -7.495690 -8.124299 -8.124299 -6.802543 -6.419551 -6.419551 -6.419551 -6.419551 -6.419551 -6.419551 -6.419551 
-6.419551 -6.419551 -6.419551 -6.419551 -6.419551 -7.313369 -8.124299 -6.419551 -7.495690 -7.805845 -6.514861 -6.419551 -6.419551 -6.419551 -6.419551 -6.419551 -6.677380 -10.203740 -6.907903 -8.594302 -6.419551 -6.419551 -6.419551 -6.419551 -6.419551 -6.419551 -6.419551 -6.419551 
-6.419551 -6.419551 -6.419551 -6.419551 -6.419551 -6.419551 -6.419551 -6.419551 -6.677380 -6.802543 -7.313369 -8.594302 -6.490168 -6.419551 -6.419551 -6.769753 -6.677380 -6.802543 -6.419551 -6.419551 -6.419551 -6.419551 -6.419551 -6.419551 -6.419551 -6.419551 -6.419551 -6.419551 
-6.419551 -6.419551 -6.419551 -6.419551 -6.419551 -6.419551 -6.419551 -6.419551 -6.769753 -6.907903 -8.594302 -6.514861 -8.594302 -6.514861 -6.592822 -8.594302 -7.495690 -6.677380 -6.514861 -6.419551 -6.419551 -6.419551 -6.419551 -6.419551 -6.419551 -6.419551 -6.419551 -6.419551 
-6.419551 -6.419551 -6.419551 -6.419551 -6.419551 -6.419551 -6.419551 -6.419551 -6.419551 -6.490168 -10.203740 -6.907903 -7.313369 -7.805845 -6.802543 -7.805845 -7.564683 -6.419551 -6.514861 -6.419551 -6.419551 -6.419551 -6.419551 -6.419551 -6.419551 -6.419551 -6.419551 -6.419551 
-6.419551 -6.419551 -6.419551 -6.419551 -6.419551 -6.419551 -6.419551 -6.419551 -6.490168 -6.769753 -7.564683 -6.677380 -6.802543 -8.817446 -6.677380 -8.817446 -6.490168 -6.514861 -6.490168 -6.419551 -6.419551 -6.419551 -6.419551 -6.419551 -6.419551 -6.419551 -6.419551 -6.419551 
-6.419551 -6.419551 -6.419551 -6.419551 -6.419551 -6.419551 -6.419551 -6.419551 -6.490168 -6.907903 -6.677380 -7.564683 -7.564683 -6.514861 -8.817446 -7.495690 -8.817446 -6.490168 -6.907903 -6.490168 -6.419551 -6.419551 -6.419551 -6.419551 -6.419551 -6.419551 -6.419551 -6.419551 
-6.419551 -6.419551 -6.419551 -6.419551 -6.490168 -6.490168 -6.490168 -7.495690 -6.802543 -7.313369 -6.677380 -6.419551 -6.419551 -6.419551 -6.419551 -6.677380 -6.677380 -7.313369 -6.677380 -6.419551 -6.419551 -6.592822 -6.490168 -6.419551 -6.419551 -6.419551 -6.419551 -6.419551 
-6.419551 -6.419551 -6.419551 -6.419551 -6.490168 -7.495690 -6.490168 -8.594302 -8.817446 -6.419551 -6.419551 -6.419551 -6.419551 -6.419551 -6.419551 -6.419551 -6.677380 -6.677380 -6.419551 -10.203740 -6.769753 -6.490168 -6.490168 -6.419551 -6.419551 -6.419551 -6.419551 -6.419551 
-6.419551 -6.419551 -6.419551 -6.419551 -6.769753 -8.594302 -6.907903 -6.907903 -6.514861 -6.419551 -6.419551 -6.419551 -6.419551 -6.419551 -6.419551 -6.419551 -6.419551 -6.419551 -8.124299 -6.802543 -7.564683 -8.124299 -6.490168 -6.419551 -6.419551 -6.419551 -6.419551 -6.419551 
-6.419551 -6.419551 -6.419551 -6.419551 -6.490168 -10.203740 -7.495690 -8.594302 -8.124299 -6.419551 -6.419551 -6.419551 -6.419551 -6.419551 -6.419551 -6.419551 -6.419551 -6.419551 -8.124299 -8.594302 -7.805845 -6.907903 -6.677380 -7.313369 -6.419551 -6.419551 -6.419551 -6.419551 
-6.419551 -6.419551 -6.419551 -6.514861 -6.769753 -6.592822 -10.203740 -6.907903 -6.419551 -6.419551 -6.419551 -6.419551 -6.419551 -6.419551 -6.419551 -6.419551 -6.419551 -6.419551 -6.419551 -6.419551 -8.124299 -10.203740 -7.495690 -6.514861 -6.514861 -6.419551 -6.419551 -6.419551 
-6.419551 -6.419551 -6.419551 -7.564683 -7.495690 -8.594302 -6.769753 -7.495690 -7.564683 -6.419551 -6.419551 -6.419551 -6.419551 -6.419551 -6.419551 -6.419551 -6.419551 -6.419551 -8.124299 -6.907903 -8.817446 -6.490168 -6.769753 -7.564683 -6.419551 -6.419551 -6.419551 -6.419551 
-6.419551 -6.419551 -6.419551 -6.514861 -10.203740 -6.907903 -7.805845 -10.203740 -7.313369 -6.419551 -6.419551 -6.419551 -6.419551 -6.419551 -6.419551 -6.419551 -6.419551 -6.419551 -8.124299 -7.495690 -6.802543 -8.594302 -6.802543 -7.564683 -6.514861 -6.419551 -6.419551 -6.419551 
-6.419551 -6.419551 -6.419551 -7.313369 -8.594302 -7.495690 -6.769753 -10.203740 -6.907903 -6.419551 -6.514861 -6.419551 -6.419551 -6.419551 -6.419551 -6.419551 -6.419551 -6.514861 -10.203740 -6.514861 -10.203740 -6.490168 -8.594302 -7.313369 -6.419551 -6.419551 -6.419551 -6.419551 
-6.419551 -6.419551 -6.419551 -6.419551 -6.419551 -7.313369 -8.124299 -6.514861 -8.594302 -6.592822 -6.592822 -6.490168 -6.490168 -6.490168 -6.490168 -6.490168 -6.677380 -6.592822 -6.677380 -7.564683 -8.817446 -6.514861 -6.419551 -6.419551 -6.419551 -6.419551 -6.419551 -6.419551 
-6.419551 -6.419551 -6.419551 -6.419551 -6.677380 -6.677380 -7.313369 -6.677380 -7.805845 -6.592822 -6.592822 -6.592822 -6.592822 -6.490168 -6.592822 -6.592822 -6.592822 -8.124299 -6.677380 -8.817446 -6.677380 -7.313369 -6.419551 -6.419551 -6.419551 -6.419551 -6.419551 -6.419551 
-6.419551 -6.419551 -6.419551 -6.419551 -6.419551 -6.419551 -6.419551 -7.313369 -8.594302 -6.769753 -6.769753 -8.594302 -7.805845 -10.203740 -10.203740 -7.495690 -8.594302 -7.805845 -8.594302 -6.514861 -6.419551 -6.419551 -6.419551 -6.419551 -6.419551 -6.419551 -6.419551 -6.419551 
-6.419551 -6.419551 -6.419551 -6.419551 -6.419551 -6.419551 -6.419551 -7.313369 -7.564683 -7.564683 -7.564683 -8.817446 -8.817446 -6.677380 -6.419551 -8.817446 -6.677380 -8.817446 -6.677380 -7.564683 -6.419551 -6.419551 -6.419551 -6.419551 -6.419551 -6.419551 -6.419551 -6.419551 
