-6.423589 -6.423589 -6.423589 -6.423589 -6.423589 -6.423589 -6.423589 -6.423589 -6.423589 -6.534814 -6.534814 -9.368028 -8.269415 -6.534814 -9.368028 -6.423589 -9.368028 -6.534814 -6.423589 -6.423589 -6.423589 -6.423589 -6.423589 -6.423589 -6.423589 -6.423589 -6.423589 -6.423589 
-6.423589 -6.423589 -6.423589 -6.423589 -6.423589 -6.423589 -6.423589 -6.423589 -6.423589 -6.423589 -8.269415 -6.534814 -9.368028 -8.269415 -6.534814 -9.368028 -9.368028 -6.423589 -6.534814 -6.423589 -6.423589 -6.423589 -6.423589 -6.423589 -6.423589 -6.423589 -6.423589 -6.423589 
-6.423589 -6.423589 -6.423589 -6.423589 -6.423589 -6.423589 -6.423589 -8.269415 -8.269415 -9.368028 -6.534814 -6.423589 -6.534814 -6.534814 -6.534814 -8.269415 -8.269415 -6.534814 -6.534814 -8.269415 -6.423589 -6.423589 -6.423589 -6.423589 -6.423589 -6.423589 -6.423589 -6.423589 
-6.423589 -6.423589 -6.423589 -6.423589 -6.423589 -6.423589 -6.423589 -6.423589 -6.534814 -8.269415 -6.534814 -6.423589 -6.423589 -6.423589 -6.423589 -6.423589 -6.423589 -9.368028 -8.269415 -9.368028 -6.423589 -6.423589 -6.423589 -6.423589 -6.423589 -6.423589 -6.423589 -6.423589 
-6.423589 -6.423589 -6.423589 -6.423589 -6.423589 -6.423589 -6.534814 -6.534814 -9.368028 -8.269415 -6.423589 -6.423589 -6.423589 -6.423589 -6.423589 -6.423589 -6.423589 -8.269415 -6.534814 -9.368028 -6.423589 -6.423589 -6.423589 -6.423589 -6.423589 -6.423589 -6.423589 -6.423589 
-6.423589 -6.423589 -6.423589 -6.423589 -6.423589 -6.423589 -9.368028 -8.269415 -6.423589 -8.269415 -6.423589 -6.423589 -6.423589 -6.423589 -6.423589 -6.423589 -6.423589 -8.269415 -8.269415 -9.368028 -6.534814 -6.534814 -6.423589 -6.423589 -6.423589 -6.423589 -6.423589 -6.423589 
-6.423589 -6.423589 -6.423589 -6.423589 -6.423589 -9.368028 -8.269415 -6.534814 -9.368028 -6.423589 -6.423589 -6.423589 -6.423589 -6.423589 -6.423589 -6.423589 -6.423589 -6.423589 -6.423589 -9.368028 -8.269415 -6.423589 -6.423589 -6.423589 -6.423589 -6.423589 -6.423589 -6.423589 
-6.423589 -6.423589 -6.423589 -6.534814 -8.269415 -9.368028 -6.534814 -8.269415 -6.423589 -6.423589 -6.423589 -6.423589 -6.423589 -6.423589 -6.423589 -6.423589 -6.423589 -6.423589 -8.269415 -6.534814 -9.368028 -9.368028 -6.423589 -6.423589 -6.423589 -6.423589 -6.423589 -6.423589 
-6.423589 -6.423589 -6.423589 -9.368028 -6.534814 -9.368028 -6.423589 -9.368028 -6.534814 -6.423589 -6.423589 -6.423589 -6.423589 -6.423589 -6.423589 -6.423589 -6.423589 -6.423589 -8.269415 -9.368028 -6.423589 -9.368028 -6.423589 -6.423589 -6.423589 -6.423589 -6.423589 -6.423589 
-6.423589 -6.423589 -6.423589 -8.269415 -6.534814 -8.269415 -9.368028 -9.368028 -8.269415 -6.423589 -6.423589 -6.423589 -6.423589 -6.423589 -6.423589 -6.423589 -6.423589 -6.423589 -6.423589 -9.368028 -9.368028 -6.423589 -6.423589 -6.423589 -6.423589 -6.423589 -6.423589 -6.423589 
-6.423589 -6.423589 -6.423589 -6.534814 -9.368028 -9.368028 -6.534814 -8.269415 -6.534814 -6.423589 -6.423589 -6.423589 -6.423589 -6.423589 -6.423589 -6.423589 -6.423589 -6.423589 -8.269415 -8.269415 -6.534814 -6.534814 -6.534814 -6.534814 -6.423589 -6.423589 -6.423589 -6.423589 
-6.423589 -6.423589 -6.423589 -9.368028 -9.368028 -6.423589 -8.269415 -9.368028 -9.368028 -6.423589 -6.423589 -6.423589 -6.423589 -6.423589 -6.423589 -6.423589 -6.423589 -6.423589 -6.423589 -9.368028 -8.269415 -9.368028 -6.423589 -9.368028 -6.534814 -6.423589 -6.423589 -6.423589 
-6.423589 -6.423589 -6.423589 -6.423589 -6.423589 -8.269415 -6.534814 -8.269415 -6.423589 -6.423589 -6.534814 -6.423589 -6.423589 -6.423589 -6.423589 -6.423589 -6.423589 -6.423589 -6.423589 -9.368028 -6.423589 -9.368028 -9.368028 -6.534814 -6.423589 -6.423589 -6.423589 -6.423589 
-6.423589 -6.423589 -6.423589 -6.423589 -6.423589 -8.269415 -8.269415 -6.534814 -9.368028 -6.534814 -6.423589 -6.423589 -6.423589 -6.423589 -6.423589 -6.423589 -6.423589 -6.423589 -8.269415 -8.269415 -6.534814 -6.423589 -8.269415 -6.534814 -6.534814 -6.423589 -6.423589 -6.423589 
-6.423589 -6.423589 -6.423589 -6.423589 -6.423589 -6.423589 -6.423589 -8.269415 -6.423589 -9.368028 -6.423589 -6.423589 -6.534814 -6.534814 -6.423589 -6.423589 -6.534814 -6.423589 -8.269415 -8.269415 -9.368028 -6.534814 -8.269415 -9.368028 -6.534814 -6.423589 -6.423589 -6.423589 
-6.423589 -6.423589 -6.423589 -6.423589 -6.423589 -6.423589 -6.423589 -8.269415 -9.368028 -8.269415 -6.534814 -6.534814 -6.423589 -6.423589 -6.534814 -6.423589 -6.534814 -8.269415 -9.368028 -6.534814 -8.269415 -8.269415 -6.534814 -8.269415 -6.534814 -6.423589 -6.423589 -6.423589 
-6.423589 -6.423589 -6.423589 -6.423589 -6.423589 -6.423589 -6.423589 -6.423589 -6.423589 -6.423589 -6.423589 -8.269415 -8.269415 -8.269415 -6.423589 -6.423589 -6.423589 -6.423589 -8.269415 -6.534814 -8.269415 -9.368028 -6.423589 -6.423589 -6.423589 -6.423589 -6.423589 -6.423589 
-6.423589 -6.423589 -6.423589 -6.423589 -6.423589 -6.423589 -6.423589 -6.423589 -6.423589 -6.423589 -6.423589 -6.423589 -6.423589 -6.423589 -6.423589 -6.423589 -6.423589 -6.423589 -6.423589 -8.269415 -8.269415 -8.269415 -6.423589 -6.423589 -6.423589 -6.423589 -6.423589 -6.423589 
-6.423589 -6.423589 -6.423589 -6.423589 -6.423589 -6.423589 -6.423589 -6.423589 -6.423589 -6.423589 -6.423589 -6.423589 -6.423589 -6.423589 -6.423589 -6.423589 -6.423589 -6.423589 -6.423589 -9.368028 -6.534814 -8.269415 -6.423589 -6.423589 -6.423589 -6.423589 -6.423589 -6.423589 
-6.423589 -6.423589 -6.423589 -6.423589 -6.423589 -6.423589 -6.423589 -6.423589 -6.423589 -6.423589 -6.423589 -6.423589 -6.423589 -6.423589 -6.423589 -6.423589 -6.423589 -6.423589 -6.423589 -8.269415 -9.368028 -6.534814 -6.423589 -6.423589 -6.423589 -6.423589 -6.423589 -6.423589 
-6.423589 -6.423589 -6.423589 -6.423589 -6.423589 -6.423589 -6.423589 -6.423589 -6.423589 -6.423589 -6.423589 -6.423589 -6.423589 -6.423589 -6.423589 -6.423589 -6.423589 -6.423589 -8.269415 -6.534814 -9.368028 -9.368028 -6.423589 -6.423589 -6.423589 -6.423589 -6.423589 -6.423589 
-6.423589 -6.423589 -6.423589 -6.423589 -6.423589 -6.423589 -6.423589 -6.423589 -6.423589 -6.423589 -6.423589 -6.423589 -6.423589 -6.423589 -6.423589 -6.423589 -6.423589 -9.368028 -9.368028 -8.269415 -8.269415 -8.269415 -6.423589 -6.423589 -6.423589 -6.423589 -6.423589 -6.423589 
-6.423589 -6.423589 -6.423589 -6.423589 -6.423589 -6.423589 -6.423589 -6.423589 -6.423589 -6.423589 -6.423589 -6.423589 -6.423589 -6.423589 -6.423589 -6.423589 -6.423589 -6.423589 -6.423589 -6.534814 -6.423589 -6.423589 -6.423589 -6.423589 -6.423589 -6.423589 -6.423589 -6.423589 
-6.423589 -6.423589 -6.423589 -6.423589 -6.423589 -6.423589 -6.534814 -6.534814 -6.423589 -6.423589 -6.423589 -6.423589 -6.423589 -6.423589 -6.423589 -6.423589 -6.534814 -8.269415 -9.368028 -6.423589 -6.423589 -6.423589 -6.423589 -6.423589 -6.423589 -6.423589 -6.423589 -6.423589 
-6.423589 -6.423589 -6.423589 -6.423589 -6.423589 -6.423589 -6.423589 -6.534814 -6.423589 -6.423589 -6.423589 -6.423589 -6.423589 -6.423589 -6.423589 -8.269415 -6.423589 -9.368028 -6.534814 -6.423589 -6.423589 -6.423589 -6.423589 -6.423589 -6.423589 -6.423589 -6.423589 -6.423589 
-6.423589 -6.423589 -6.423589 -6.423589 -6.423589 -6.423589 -6.423589 -6.534814 -6.534814 -6.423589 -6.534814 -6.534814 -6.534814 -6.423589 -6.534814 -8.269415 -9.368028 -6.423589 -6.423589 -6.423589 -6.423589 -6.423589 -6.423589 -6.423589 -6.423589 -6.423589 -6.423589 -6.423589 
-6.423589 -6.423589 -6.423589 -6.423589 -6.423589 -8.269415 -6.423589 -9.368028 -6.423589 -6.534814 -9.368028 -6.423589 -6.534814 -9.368028 -6.423589 -9.368028 -9.368028 -6.423589 -6.423589 -6.423589 -6.423589 -6.423589 -6.423589 -6.423589 -6.423589 -6.423589 -6.423589 -6.423589 
-6.423589 -6.423589 -6.423589 -6.423589 -6.423589 -6.423589 -6.423589 -9.368028 -9.368028 -8.269415 -6.423589 -9.368028 -8.269415 -8.269415 -8.269415 -6.534814 -6.423589 -6.423589 -6.423589 -6.423589 -6.423589 -6.423589 -6.423589 -6.423589 -6.423589 -6.423589 -6.423589 -6.423589 
